728481
105378580
284593
148398
26155
339451
84069
57801
9636
375790
54991
100506376
254173
8784
7293
51150
126792
388581
118424
6339
116983
126789
54973
80772
83756
1855
54587
54998
81669
148413
55052
441869
64856
219293
83858
55210
29101
643988
142678
8510
984
728661
728642
65220
2782
105378949
339456
5590
100506504
199990
6497
79906
11079
5192
9651
55229
8764
100996583
127281
79258
100287898
440556
124903827
63976
1953
127262
49856
388588
57470
9731
1677
339448
100133612
55966
261734
8514
6146
102724450
388591
23463
387509
11332
83715
8718
57449
79707
3104
9903
148479
90326
55735
23261
9341
8863
10911
3604
11315
54206
50651
473
2023
100505975
765
6518
80045
102724571
9563
80176
84275
199953
5293
644997
101929074
22883
56998
84328
64802
116362
10277
23095
5226
378708
100526739
1676
5195
54897
23435
6723
5394
105376736
2475
29914
26232
93611
26270
10459
374946
57085
4524
1185
90231
5351
9927
60672
943
7133
55187
9249
126755
107984918
7799
23254
55092
114827
101927441
79180
842
23341
79814
84301
23207
284723
54751
729614
23013
7709
1969
128272
79363
54455
26099
374955
55707
107984921
55672
9696
105376805
23400
6390
11240
23569
55920
55160
8659
126917
23352
101927895
23065
51154
22977
8574
54896
832
440574
4681
100532736
255104
23252
26279
391013
127733
55450
79594
978
65018
100861548
1650
57576
50809
8672
1889
100506801
84224
249
84196
401944
3339
101928043
29092
998
9923
712
714
713
2048
23028
7798
10236
80818
148898
6920
1870
3399
259283
6135
6924
100506963
57095
11313
2582
3155
2517
1269
55629
10772
163702
90529
57185
11123
10250
25932
864
25949
57035
6007
23585
6006
55219
26119
57134
57190
56181
79000
164091
3925
5051
2134
149420
79927
51042
118568799
10256
64793
83442
91544
1043
55057
257101
79947
3151
6195
8289
55650
84243
2810
54707
63906
10726
126695
6548
23038
84065
84958
9064
2827
10163
27245
2268
111216282
2537
199870
23673
5511
9473
6118
27293
55113
2140
5724
22826
93974
83667
54797
65979
1104
54952
85028
6883
115273
105378616
10691
51441
2035
6429
51102
4146
100129196
7805
9672
9698
9410
51538
347735
64129
553115
1307
576
8073
10657
55116
23633
200081
79140
55721
56063
8668
84734
3932
3065
65108
81629
100128071
55108
653121
339487
5928
81493
57648
8565
64766
127544
204
113451
55223
149076
1912
101929464
7579
113444
2701
58512
100506144
9204
79830
6421
9202
79932
23154
105378645
339488
5690
127703
63967
192670
26523
192669
27285
54936
1296
27095
55700
9967
79729
55194
83931
84967
127700
64960
1441
728431
80149
64769
79753
7802
29889
54955
55143
149175
79693
127687
4520
3633
10946
2275
51118
5453
64121
105378663
26292
79647
4725
23499
8761
26508
51440
10450
656
64064
101929536
54802
4610
84879
10487
5538
6018
10269
1298
64744
65243
339559
64789
127396
9783
4802
163732
1503
22955
100132074
59269
22887
284716
84217
79717
728621
10465
4904
64175
79078
374969
114625
122152325
51058
6513
440584
10969
149465
128218
7075
4352
105378687
991
64834
112950
23334
81888
100873923
9682
6487
9670
1802
533
8704
149473
107984948
55929
79033
55182
79639
339541
11004
6202
266675
1263
343521
149478
8643
8891
79654
7389
57643
84842
4595
114034
10420
25974
5052
10327
4678
149483
60313
51249
3652
23139
8503
101929626
55624
541468
8438
10489
7388
387338
2166
8569
148932
64756
9813
1580
100874253
10158
6886
6491
51727
84793
2306
200010
54558
79656
1996
11124
1031
105378716
26994
22996
2060
114883
4898
51060
112970
91408
9372
200014
4998
84950
23318
2882
348378
65260
79699
55268
6342
127435
6512
1376
54987
120017342
4116
100507564
7804
105378732
55706
54432
51668
115353
9528
127428
606495
51253
23648
26027
374977
7268
25973
55001
163747
1718
23358
8613
1600
115209
4070
114803
3725
101926907
105378753
55277
51361
1573
4774
100996570
83941
10207
54596
7398
85440
121832810
84938
29929
23421
84455
5236
57685
55225
3716
101927084
205
9829
3953
54741
5142
84251
200132
79819
57708
23169
149233
3595
26135
1647
9077
79971
55635
57554
55631
9295
81573
11147
1491
5733
9406
257194
127255
8790
100526835
51086
1429
127253
34
5876
256435
10026
26289
26009
23032
374986
91624
8880
11080
54810
10964
10561
101927412
101927560
101927587
79739
5567
148418
80135
2787
1486
117178
23566
255231
126820
55283
84144
148423
8915
23576
3491
54680
255631
57489
51100
9403
9653
8543
5586
2959
56267
494115
2635
2633
2634
388646
115361
115362
23507
400761
84230
55144
284695
105378853
84146
164045
8317
7049
253152
284697
11146
79871
2672
7813
6125
388650
22823
50999
343099
1810
54874
8412
30836
2730
5825
126969
1266
101928098
199857
148534
101928118
25950
58155
1806
51375
391059
178
23443
64645
163786
54482
127495
1629
8634
8556
2135
148867
51611
102606465
1901
55599
280
55170
22854
10451
100873946
29957
284611
113802
55119
6814
254268
29899
23155
22911
6884
56900
127003
57535
6301
1952
84722
6272
5686
127002
284613
57463
83873
2773
271
2948
2946
2944
2949
2947
1435
10768
85369
3749
440600
64783
9122
101410535
10542
3737
3738
963
55791
128338
10390
79961
1117
128344
5016
79084
515
128346
57413
5906
55924
100506343
11218
3752
55917
7482
54879
829
4343
389
333926
6566
100506392
100996251
9860
260425
10745
54665
26191
100287722
440603
10717
64858
101928846
204851
51592
10286
163259
4893
7812
80143
10100
105378916
81839
55356
476
101929023
965
914
5738
9398
101929099
8458
80263
10905
100996263
54855
54834
10885
200162
10352
101929147
26227
83998
4853
653820
107985194
728833
9659
124904395
84265
105371260
8799
8515
148741
10401
200035
10623
11126
5174
51463
653519
5565
2330
9557
607
51205
100996732
107985200
2209
440689
653604
8349
8338
317772
51027
9900
10262
10903
11311
51177
81611
51107
79630
148523
9129
23248
80222
1893
54507
4170
574406
2029
55204
1520
1513
405
9869
29956
55793
58497
149428
54964
56882
10962
126626
10500
79626
79005
100534012
388695
29765
6944
8394
5710
100507670
57592
5298
5993
5692
23126
57530
7286
81609
65005
51686
11022
109729141
339398
6097
100191040
117145
6281
6282
4014
6280
6283
6279
6277
6276
6275
6273
6284
6271
26097
23557
3608
65123
11000
57459
9909
200186
27173
148327
10899
123706540
5872
6232
7170
25912
9898
10456
89872
57198
101928101
3570
55585
103
10654
57326
90780
6464
1163
80308
51043
127579
8751
1945
1944
1942
55974
54344
200185
80128
4582
7059
105371450
4580
2629
10712
10067
1196
57657
2224
284618
23623
55870
55154
55249
7818
54856
23208
6016
22889
9181
107985209
6746
56893
28956
57111
92312
4000
64218
9673
100527963
11243
632
79957
23381
84283
112770
7203
128229
10485
4209
128239
164118
128240
54865
1382
81875
51093
79590
3068
5546
9047
4914
375033
9826
2117
83416
115352
79368
115350
912
909
911
910
913
6708
4332
149628
3428
9447
2205
54935
343413
56833
284677
391123
107985216
25790
8407
57549
89886
93183
93185
729867
8682
50717
100287049
5824
1314
23385
57216
114836
8832
6504
962
57823
4063
51744
55600
50848
100131187
7391
257106
126823
5202
4817
9191
51506
27005
5498
8703
9507
4720
2207
84134
4359
6391
257177
2212
3310
2214
2213
2215
124905743
84824
127943
11266
22926
25903
117157
127933
6675
51478
8490
127814295
83540
5087
4259
223
54499
7371
149297
57645
117143
387597
84944
10223
118568815
5451
919
8804
92241
9019
25874
55827
23432
261726
375035
9095
6846
6375
481
29922
8548
57821
10560
2153
6403
55732
6402
92342
57147
22920
92344
2326
2329
23215
8674
51603
26052
5279
51430
356
7292
101928673
9588
27252
91687
55157
84614
149041
102724601
9910
27101
63931
9674
107985228
64326
89866
111240474
9462
400798
55103
9917
64222
27
6646
126859
163590
26092
9857
5768
89884
84320
100527964
9213
57710
103344928
10228
3140
51278
2752
6041
6004
284648
80896
1660
3915
9887
4688
10092
23179
23127
116461
118827814
81563
80267
116496
6045
81627
54823
10625
7175
54953
5743
5321
64407
5996
5997
51377
6738
51022
79577
8707
3075
259266
360023
23418
163486
388722
140609
124904478
5788
23528
9928
83479
101929224
23271
2848
23046
647219
252839
23612
1465
107985246
89796
100873949
55705
149345
10440
6051
1999
127829
5778
59352
29089
4660
127833
10765
100506696
5877
59349
51094
51706
92703
8497
134
1118
100506775
730227
7832
493
54900
9877
100381270
6635
9580
55224
5972
3814
127845
22874
84919
5287
4194
388730
5929
25778
9911
81788
284577
5129
148808
2005
85414
64710
8934
254428
729533
122455332
1939
105372876
8444
9261
3586
11009
9214
55432
5208
725
1604
1380
1378
4179
947
5362
3914
101930114
50486
3290
80342
148304
3664
27042
55733
55758
7188
7779
4751
9926
25896
51514
101929541
5525
55248
29937
467
55509
25936
128387
149643
642946
28982
79805
90806
26750
56950
5784
1063
51133
55105
128153
51018
7042
643723
127018
2058
10380
55699
25782
79762
54996
64757
100873924
3142
11221
9015
100506161
375056
64853
148362
400823
84976
7100
55061
824
7159
23219
8560
101927164
4931
29097
80232
149111
127602
3930
55740
6726
2052
9725
29920
7044
163859
3020
64746
83881
286826
142
3707
5664
56997
8476
107985463
339500
116841
65094
89780
375
79169
128308
2987
57165
574432
200205
574407
84033
81559
51127
92815
128312
149603
58480
105373159
5867
126731
55746
23456
27097
9816
101927532
2590
22796
10753
84886
79573
64801
375061
128061
8443
149371
83932
54583
122526782
7257
27185
57568
54627
84284
80003
84451
3775
148641
101927765
388753
6894
359948
100506810
101927851
9804
23029
51742
9453
148789
1130
7107
56605
128178
3964
100287902
55127
88
4548
1131
64388
6000
2271
8564
23596
1122
128025
9156
200150
9859
645455
10806
10000
10472
159
257044
51029
116228
3192
84288
55083
64754
64216
163882
51097
25909
100533111
57116
79862
7678
84838
114548
148823
81472
148824
25893
343171
284521
105373277
124904576
128966579
80851
79894
55657
267002
642273
26751
52
285016
129787
105373354
339822
54221
7173
7837
23040
7260
51112
55256
246243
100506054
6201
78989
129607
91543
9781
339789
101929567
3398
57498
129642
8853
9270
51692
285148
6868
10971
9014
29841
8462
6241
3241
4953
79954
106479524
245973
10130
285150
130813
130814
9475
1876
9687
23175
100506457
28951
51594
1653
10408
4613
81553
79677
348654
57665
400945
400946
130502
57539
9741
105373463
23369
388
64342
60526
114818
54454
165324
388931
80304
2281
51639
375190
9540
375189
653140
50618
8648
391356
79172
109
51277
729723
5443
1788
1838
55252
3797
10890
150946
3030
3032
165082
85465
92749
9381
54978
1058
22924
54867
60509
100874031
100128731
11117
3795
10669
84696
10113
8884
51374
790
57159
7349
4358
2976
8890
9784
130557
5496
29959
200634
26160
84450
79635
11321
9913
22950
9553
64080
9577
403150
2355
151056
100505774
112267877
5500
245711
55006
23160
165186
79745
51646
81606
253558
79623
440854
30845
51072
84661
6683
118568811
55676
58484
84272
57448
55622
4052
25780
25940
105374454
51232
9637
5212
6801
54497
253635
5610
100505876
10153
55471
23683
25797
105374464
10602
101929559
151393
1545
285154
64225
92906
130589
6432
79833
90957
729967
6654
344387
8491
728730
80745
100128590
6546
400950
27436
9167
57504
165140
23498
63892
678
130271
51626
10128
5495
6519
9581
79823
55133
5581
2034
90423
23433
5281
9419
9655
388948
100134259
90411
57217
805
101927043
4072
4436
56660
2956
80204
100506235
3344
129285
11037
51130
100302652
494143
27248
23198
98
6711
400954
57142
130162
6233
4528
55704
112942
87178
7444
55120
400955
106660609
124906010
53335
64895
5966
150962
5194
84542
339804
9736
105377633
7514
84140
10575
150684
10678
200728
23301
100132215
51057
4190
7360
51542
57162
150992
29094
101927402
54812
9792
101927438
400958
6509
23177
5861
10097
200734
4211
100873998
644838
54465
10438
116143
56902
5534
25927
5341
554251
200558
9938
107985893
2673
27247
22848
307
64395
11017
4084
151516
400960
5093
100133985
54980
7072
51449
6637
84908
7039
119
79998
113419
55577
84693
10199
400961
27332
8291
23233
6697
94097
26056
10322
84279
10574
150726
1961
7840
51002
8446
10617
72
1716
200424
388962
100507171
55233
10797
57835
1639
100189589
84058
6242
83444
23559
7841
116540
84865
64427
85474
151534
84759
550
27429
84695
1796
130951
10505
118568819
3099
56655
105374811
84141
9801
6936
8802
1768
129293
105374836
9168
56888
83439
10618
54884
84173
822
284948
4144
2677
8673
10791
51255
129303
10713
388969
10578
84913
8869
25885
55037
10989
51318
55818
51652
105374845
7844
64795
925
926
5343
112597
729857
51315
55258
9451
101928403
22934
4118
64969
84874
344065
30818
51011
127138865
400986
150763
128966744
1844
56910
55654
9391
23020
150771
23397
105373496
10865
55683
81562
26504
100506036
26505
200539
51239
54910
51252
151313
375248
1329
10120
728537
7535
23505
3631
493753
25972
11320
101927070
343990
80705
150590
51601
129531
51263
129530
10190
9669
51455
3899
150577
9486
79031
4862
6160
11138
55571
284996
200407
731220
9448
7850
3554
9173
8809
8807
84804
130827
284998
64965
105373984
9392
79074
2274
8440
84417
80146
84620
27233
9648
644903
3987
5903
165055
10913
344558
151011
65124
4867
205251
699
55289
10018
541471
64682
10461
84910
129804
84524
376940
727851
150465
84172
84269
6574
150468
3553
3557
23550
7849
150472
103344932
11159
80255
10096
440900
57628
124907878
8886
54520
51141
100506797
8685
55240
130355
1622
140738
80775
5775
57669
79134
5899
23332
254128
84365
7247
2995
274
2071
10746
100506922
5624
55677
4648
55679
55339
84826
5433
83607
79595
56886
9394
55627
80097
84317
92856
26469
50649
130074
55041
445582
653784
90557
100418881
4249
81615
905
22930
84083
23518
23190
3938
100507600
4175
1615
7852
3176
339745
114515520
8942
55843
79712
9839
100303491
92
5000
55777
26122
3800
130576
27249
375287
9111
7130
55183
4703
26225
785
10254
114793
55660
151188
56475
101929378
4929
2820
57471
9595
130399
90
130940
8502
92196
85461
151525
29994
643072
64844
9936
4065
22925
5937
10010
100996579
10213
57282
1803
64135
25801
22837
151258
6328
2591
79809
6335
129446
27347
253782
57405
10170
4036
129880
79675
9360
129881
493911
151230
100526832
6741
29081
130507
26003
9874
79828
80067
79901
1781
8604
8520
254042
1746
3655
101929947
124900513
5163
51776
83879
6670
29789
9541
79634
151556
7456
1134
1123
1386
518
80856
10651
220988
4780
8540
150737
92104
129831
101927027
8575
494513
51661
65977
100506866
101927055
7273
285025
91404
57703
10477
3676
375298
6744
151242
54431
10787
142679
129401
91752
401024
101927196
107985781
55854
3685
165215
10203
7035
51454
84128
30061
54529
150709
64172
94101
5378
84281
26275
3628
54842
100131211
105376748
4664
2744
6772
6775
4430
64859
8436
23671
64002
124908063
57181
9262
101927482
284992
9330
80055
91526
101927596
23451
80219
3329
3336
25843
92935
5334
348751
205327
129450
79568
26010
130535
151246
316
101927795
9689
1195
53938
60491
4999
285172
4709
8837
843
841
130540
66008
55437
151254
65062
57679
65061
8324
7341
51602
659
150864
130026
55759
79800
65065
57404
10152
65059
940
1493
29851
117583
8828
54891
4719
1933
57683
8745
391475
130752
22868
8609
1385
151194
102724714
151195
7855
389072
1421
3417
100507475
200576
5746
4133
6120
151050
10314
22807
79582
580
101928103
471
55686
55825
92691
7520
150967
50485
6168
3485
729582
7145
285180
3579
3577
10109
151306
14
25953
64114
375307
6556
58190
57695
9125
7701
617
64320
27148
9654
1593
7475
80326
79840
151295
27013
79137
130617
10058
79065
55139
79411
8576
7277
3300
5798
23549
10290
29926
55515
79586
130612
23363
114790
6508
2043
130367
10056
2181
130340
57590
65080
5270
79843
8452
55619
57624
3667
84236
1286
1285
654841
56947
3267
6364
55022
9320
130888
151473
3431
11262
93349
6672
51719
81618
9290
5707
80210
93010
4691
10316
5757
5147
64708
4880
129563
250
200765
9470
80303
26058
389084
3635
55054
6295
8527
55230
55355
79054
105373934
10123
23677
116987
79781
105373951
10920
1293
9208
375316
10267
140739
100533179
51540
339768
151176
80895
151174
55502
8864
26146
51665
9759
101928111
4705
150678
2817
51281
285193
57140
101752400
11132
2859
25992
130916
23178
5510
50636
3069
4735
9855
10494
666
51078
23192
1841
84289
728294
129807
5133
285093
101927289
102723927
129810495
10752
3568
51095
51185
285362
100130207
57633
6419
100996539
3708
100126791
124906209
100507582
8553
55207
9695
105376944
29995
56852
9901
440944
25917
55209
64419
151835
7862
4968
8536
10474
10093
26140
285367
63924
84522
132014
84818
78987
285368
100874032
55831
2177
55845
7428
3656
9797
84657
51738
100126793
6396
10533
9686
132001
5468
80746
23609
5894
23066
6161
9922
23225
100874101
79885
2199
7476
131474
79188
7508
27258
6533
51244
152273
100505641
7182
64432
64145
23473
100505696
9467
131965
85403
8292
26061
686
23243
285381
92106
23180
1618
23228
9779
6304
131096
151651
5868
8850
151648
79750
7325
7324
28512
6138
9975
7068
7155
55768
54995
152110
9497
8320
152100
64343
152098
27303
7048
201595
114884
100874206
344787
23171
152189
112616
54918
51143
25904
131405
1233
2720
643853
10491
25827
7342
23122
105377023
10015
10777
6769
9881
9852
4292
9209
152048
2803
339883
3680
10217
50853
5333
9940
30
4615
9943
9942
100128640
93
9941
11280
57599
64689
199223
64651
1524
1237
54977
3921
10289
9045
285267
253639
285268
1499
54986
22906
7433
9117
51188
4820
92999
152206
25994
729083
1238
100506243
389114
729085
84892
54861
55129
51099
285343
353274
285346
55888
100874094
112840933
285349
10168
110354863
7584
91392
115560
57456
56992
131616
51304
23016
64866
23395
8994
22908
54585
10803
79443
10663
2829
1232
1230
729230
102724297
1234
9034
79442
259173
259236
4634
5745
151903
23218
29072
64147
23276
119863865
25930
22937
54859
6599
22907
4134
993
820
51385
10201
5364
79714
51372
84126
111822955
11277
51246
5210
1294
7384
65010
1951
51517
51447
5576
100506637
788
10425
54681
11180
55152
25915
3615
54870
5859
10869
3913
64925
200942
375341
7375
2876
387
6988
275
84276
1605
327
4485
63891
386724
29925
9807
389118
389119
7318
10293
84315
10180
10181
2771
7866
8372
24142
8692
11334
11186
51364
10641
11068
11070
9254
101928965
51161
51409
1154
7867
1795
7873
9730
23132
51368
2912
9136
10039
57060
84836
25864
95
6159
1849
25886
211
54106
11344
101929054
132160
80335
132158
25981
8314
51533
56920
7134
11188
23166
64943
440957
55193
26354
55830
28972
6787
3700
100526772
375346
51460
91869
5580
7086
776
55349
55540
93973
58515
55799
285331
23272
50650
8820
26060
201626
378
106144532
201627
101929159
7871
2317
1776
57406
11102
54899
5162
200845
8309
200844
2272
57415
80145
6314
100507062
9861
115286
26018
84541
8801
101927111
407738
285203
7110
9039
10550
56203
23150
4286
27086
126568846
317649
2850
60675
285286
23429
55164
151987
55096
107986100
100131827
6091
105377175
2632
253559
25978
3355
8545
55279
285237
200894
415117
200895
63899
84100
131544
84864
56650
1371
2838
10402
131566
84319
11259
55773
56954
9868
348801
55076
10342
25890
50939
57337
54931
57092
27107
100009676
6152
79598
91775
64332
214
868
344595
56987
961
101929623
55081
57650
9666
50852
55211
25945
10225
79413
257068
90102
55347
79669
257144
4345
151888
64422
55032
131450
29083
25871
102723430
55779
152185
54847
205717
80218
523
54762
254887
57577
79691
7634
201633
26137
100131117
101929754
100874131
4045
8702
57514
100874246
55254
56983
51300
941
141
64091
10063
8856
2932
116064
11167
4710
3081
285282
2960
10721
3059
2804
9657
55840
6565
286676
942
1475
131076
26355
54554
102723582
3836
83666
151636
165631
54625
79663
84925
100129550
54437
10954
26984
201562
100506826
4638
64770
8997
7372
3693
57493
7707
8723
114885
105374312
101927056
54946
79364
166012
114112
84303
5361
131601
4171
50512
80325
11343
166348
29927
8607
60678
2624
6184
7879
28976
57501
79825
2815
339122
57461
7555
22820
56941
8971
8930
55764
23129
23023
100507032
7200
105374104
30849
27032
28990
79858
131870
11222
105374114
55
23317
84129
27031
79876
8419
85003
55573
11073
58477
51560
6259
25847
80254
2047
5523
55167
5096
10274
119139906
80723
4690
53833
51163
25852
347736
22808
80321
55179
5291
56945
9276
100507291
349565
55186
92370
253461
5922
9616
483
7029
256356
54464
545
5357
7220
23350
100289361
9435
285195
205428
5352
57088
57047
5359
1360
1359
2992
6596
84343
1356
4071
25937
51122
11342
5217
9819
27230
83939
51714
101928085
6478
116931
29909
9934
53829
285313
56670
4154
401093
5028
5912
26084
170506
4311
23007
285315
9197
8833
7881
6747
25976
730091
389170
339894
105374177
57018
5806
51319
100996447
4291
85476
56925
5918
64747
29970
101928376
3592
401097
57560
10051
286827
3840
80117
151742
8706
51068
165679
151790
11235
5274
27333
100507661
2122
7012
84517
55892
151827
100128164
7095
26996
80012
5584
6498
200916
56648
23043
5337
64778
8743
57552
1894
254827
79718
64393
5290
27094
51193
55669
59345
86
57129
4711
8975
151613
8087
131118
23200
54165
56922
27074
23101
84002
89857
54800
55689
79929
55486
10057
8893
1857
1173
55324
10195
9718
5708
1981
131408
1181
5437
2049
64110
23355
1962
9175
90407
200879
59343
10644
6434
2119
1608
1427
55171
51726
105374258
1974
5984
102724699
6480
116832
64108
604
339929
4026
285386
55214
3556
106480738
152137
151963
84239
4976
3280
100131551
2814
79572
93109
55341
131583
152002
101410543
23527
5504
727956
200958
10188
7037
401109
131540
200931
5130
255758
100874214
26043
165918
348793
200933
375387
54965
84984
5062
205564
22916
152217
80235
4241
100507057
1739
100507086
622
9711
84248
84859
84223
6165
89782
255403
654254
7700
170960
54872
5158
521
4636
84179
10336
100129917
10815
2580
84286
1609
10861
3425
53834
285498
10417
1487
92070
10296
57654
152877
7884
92305
10460
2261
3954
7468
7469
401115
353497
79441
10608
57732
6047
8603
79155
6452
118
10227
8602
2868
3064
345222
6002
285489
4043
85013
55646
166793
27065
53407
100507266
4487
54360
55351
132884
2121
152789
7466
23324
93621
105374366
93622
339988
6286
114932
55330
9778
57533
100129931
257236
93624
80273
57537
60312
84448
54436
94031
8310
152992
56606
9948
85460
116449
9957
9364
259282
201853
441009
132864
101929095
57545
26234
285550
683
952
83888
8842
202018
202020
9079
5860
51056
121232375
80306
27146
54876
64151
254251
133015
166647
1665
91050
51091
55300
29063
29945
23231
389203
3516
55296
57620
116984
439933
401124
768211
55276
23216
10744
106144599
51274
81793
7096
10333
92689
80008
51088
57728
5981
152831
6133
11019
7358
100885776
201895
105374419
3093
23244
55728
399
101060498
54502
79730
323
7345
22998
55161
10463
389206
10396
119863863
60558
132789
54951
57205
152518
152519
7294
7006
57606
201780
285527
54940
132299
23142
6443
64854
643783
65997
152579
81608
84708
26511
3815
79644
55858
9575
10874
55763
9662
57482
132949
5471
10606
6731
132946
84525
6691
5978
84273
5431
3490
255130
401134
101927237
1060
26228
55236
550112
91746
7367
27284
1446
10117
3512
57050
22902
2926
92597
1633
8671
285521
26057
166824
3576
2919
5196
5473
2921
2920
441024
2069
374
25849
100507388
25898
152815
8999
9908
8615
27163
55153
3627
53371
950
100129583
8987
55752
10983
901
246175
65008
306
119863864
55589
152559
100505875
118429
56978
5593
153020
3184
101928963
9987
58478
441027
79966
22872
100499177
79725
132660
51138
51316
27235
10855
113510
51023
84142
84803
4825
1040
23001
83478
5783
132989
4299
57563
345275
51170
53343
6696
5311
9429
152926
105369192
55008
51191
100996939
8916
266812
285512
10144
166815
285513
6622
22915
401145
56916
27306
10611
658
5910
10098
1977
23173
128
100507053
93587
4547
27071
8649
79982
3015
51705
5530
90024
55024
64116
4790
4126
7323
493856
150159
133308
56898
1062
54790
27068
57117
79807
93627
9255
9061
166929
101929595
107986298
113612
3033
51176
285456
6164
58505
100533182
10427
55013
839
81579
124900758
54433
79071
2028
132720
55435
92610
80216
55345
51574
109864269
817
7368
100093630
57721
9871
54532
401152
8654
4085
11107
79931
308
5393
890
55212
84162
166379
11162
166378
10252
57182
79633
27152
22824
10733
256471
80167
55132
10424
100507487
79960
132320
132321
23657
25819
1998
84709
4717
80155
83452
80854
105377622
4258
55534
60592
100129858
1047
255520
23158
57484
27309
100507639
3600
8821
84640
2549
8467
100128055
2996
441046
101927636
2994
646576
64399
10393
6059
54726
4086
166785
105377467
152485
11157
84068
83894
55751
90826
79658
4306
166614
987
6189
152503
5188
127898556
100996286
55294
54553
201799
201798
27236
23321
84057
23240
7097
285533
5356
9227
79884
2982
2983
1519
56034
2743
51313
285505
55314
59350
201725
2110
5481
57600
152940
9693
92345
55319
55016
391712
152756
166655
201931
11275
6307
1363
50859
55601
91351
23022
84869
57630
4750
1182
54969
9848
101928198
51166
442117
101930370
51809
3148
105377540
8819
26269
80817
3248
2823
116966
116435303
60559
55247
175
285500
1635
152641
80014
55602
3622
201965
60684
728175
3660
117134601
836
201973
79682
2180
731424
291
57587
83891
55805
353322
55325
441054
256309
8470
7098
25854
285440
3818
728339
2483
153478
133957
6389
10016
57491
11336
25845
55722
11076
79844
653082
65980
9319
10723
7015
81037
79888
64979
4726
23379
84246
54888
6715
11044
134121
4552
79072
100505738
100505806
134145
22948
134147
101929977
10299
83853
1611
7204
54491
728178
90268
56172
90441
54463
101929524
4651
10409
439936
1007
29102
55322
23037
64083
54545
51663
10923
4883
105374716
6897
23600
114899
26064
101929704
5810
55299
134218
79925
3575
133690
92255
6502
133686
6507
107986412
25836
65250
9631
55100
253260
2533
1601
5734
23548
5562
6167
84674
5019
285636
26272
100129792
6414
389289
153684
7690
167359
3157
56477
64417
375444
10605
23530
10884
133418
79668
3672
53918
3673
4338
257396
10468
4724
54622
112574
11082
3003
3001
166979
54505
23517
8611
153129
3572
441072
105378976
79722
4214
133383
166968
65056
10769
202309
115827
5144
55789
79993
1161
91942
643155
57688
3796
27292
51194
101180901
100130733
285671
285672
10283
11174
64105
23398
373
80006
112441434
54557
57486
55914
140890
375449
4064
5295
64924
891
64946
92259
1022
202243
102157402
5884
153562
100506658
728340
6606
6607
8293
4671
2966
55814
64087
23107
79810
167465
3842
115548
134285
118568828
689
57763
84135
64283
8507
3074
84340
10412
26049
51301
256006
3156
10087
51426
728780
134359
10788
2149
2150
170591
1393
55109
84327
728723
55255
6902
8546
728769
9522
10184
411
29958
133746
9456
167153
202333
345778
7060
101929215
256987
9765
167555
1719
4437
102524628
5924
100131067
84240
23635
83734
6228
153339
7518
1462
1350
5921
902
153396
100505894
4208
101929423
1070
153364
10622
116068
84059
100505994
57561
83989
134187
285600
84250
79772
153643
9652
153642
285601
317671
83890
22836
2745
202299
22936
831
51752
64167
4012
55781
285704
503569
1105
100289230
102724810
121232371
345757
7903
353189
5066
54826
23262
90355
83594
1946
64839
2241
285638
9867
4124
642987
91137
85480
134430
814
134429
100505678
9315
64097
324
6728
7905
7310
167227
4163
64848
5229
153733
56929
353376
51014
1036
9140
1176
51397
101927233
285605
1657
25816
3295
51334
153443
4015
133923
6643
28966
153241
1456
57507
65983
501
51808
4001
115123
401207
133619
728586
644873
6558
51015
3094
90624
56990
51735
96459
23305
1437
8974
6583
6584
102723741
3659
10111
11127
645121
23176
134549
2661
27089
116842
27125
54819
3308
56951
7416
6932
6500
5515
51265
7320
91368
23338
51128
10802
819
9879
134553
79770
84105
347732
100996485
9555
497189
7045
100126299
9597
4090
26249
10949
27039
51306
8382
10902
10112
8697
51307
100128966
51780
51308
1958
2107
3313
1495
64374
9782
51247
9963
51237
389333
202051
202052
641700
340061
7322
51523
84249
9542
124900193
5813
492311
84418
5201
1839
121232368
54882
404734
10011
8637
10307
113829
929
4695
55374
3550
54853
373863
3035
23438
153527
6879
56103
1729
8841
285613
89848
64411
5097
9812
9604
10007
80762
23092
2908
81555
153768
51520
54439
10915
5521
1809
9832
117156
102546294
124901185
81545
154
134265
134266
78991
1452
389337
133522
1836
81789
22993
1436
5159
6949
972
6208
102546298
3340
11346
91977
55696
51164
345611
91975
2878
10318
309
26112
2760
206358
6678
475
10146
10827
4238
55568
386627
79685
23367
10826
9337
25929
29093
91937
26762
84868
9443
3702
26999
8728
348938
54974
134353
9685
1879
101927740
153830
134510
285626
105377683
7265
114825
79616
63920
10569
9232
107075116
900
134492
3161
27430
5917
79646
54908
1794
3937
257358
3779
64901
4869
23291
6793
92181
285590
54492
105377730
1843
57222
100268168
51121
8992
153222
662
91272
80315
94081
3274
84321
100996385
375484
57179
285598
51491
192286
1212
23197
22838
114787
26262
3101
51720
23567
64324
53917
83463
27166
10960
10636
2161
2870
80758
1627
9260
79930
51428
54540
54732
11285
285596
124906529
653316
23138
64777
55651
3182
85007
91522
57396
6940
117608
80108
285676
345462
30832
80230
3187
821
9794
4056
11282
8878
51149
100996419
23061
55819
5601
124901151
9945
57472
92304
2324
4245
729678
643836
153579
102577426
81786
90933
10399
84851
100507602
101928649
56940
124907782
3662
55770
135458
2762
100508120
340156
56897
1992
5272
5269
401232
4835
105374888
8737
670
7280
389362
63027
221749
26240
8899
10455
9425
10799
100129461
57128
10667
51299
2162
285780
9450
6239
6745
285782
83732
1832
154007
81567
63915
9521
51000
2651
347744
55003
51522
118597831
81853
221711
4117
221710
4739
100113407
84830
3096
1906
221692
100130357
51256
107080638
54438
23408
51406
10048
63933
9308
3720
100506681
84062
29116
2766
6310
51439
9972
105374952
63971
378884
7172
221656
7913
255488
154141
1871
54901
6659
5617
57380
2822
7915
51567
55856
81688
51053
101928603
9750
55604
10786
10475
123706533
3024
3006
3077
8364
8347
8334
3008
3017
8351
3013
3007
8365
11118
10385
11119
10384
11120
493812
107986583
10473
29777
79692
100133205
8970
8969
85236
10279
346157
7738
8340
8329
8363
8341
3009
8356
7718
100129195
80345
7745
7746
387032
222698
84547
64288
80317
9753
222696
414760
5987
2550
3134
3135
3105
80862
30834
6992
11074
7726
414778
414777
56658
79897
202658
3133
2794
80742
23
5514
28973
79969
221545
8449
170954
107987457
11270
9656
203068
10211
105379695
8870
105375013
780
2968
57176
170679
54535
6941
5460
253018
3107
3106
100507436
4277
7919
106478957
534
4795
4049
7124
4050
7940
259197
199
7916
7917
55937
57827
7918
1460
58496
80741
7920
110599563
80739
23564
1192
4439
100532732
80737
7407
57819
3305
3303
3304
50854
4758
80736
10919
717
7936
6499
1797
8859
7148
1388
63943
80863
100507547
9374
100532746
80864
10554
6048
177
5089
63940
4855
3122
3127
3123
3117
3119
3118
3120
3112
6891
5696
100507463
5698
6890
3109
3108
6046
3111
3113
3115
1302
6257
7922
7923
6015
414765
6293
6222
8705
9277
10471
5863
6892
9278
1616
113523636
3833
5252
51596
8831
221504
578
401253
3710
84300
221496
3159
221491
11165
100529239
6204
29993
64771
101929243
6631
54887
6882
23294
6954
7629
50619
5467
2178
4736
2289
221481
6732
1432
5603
27154
51513
222659
222658
11329
6428
1026
57699
51645
221477
221476
23787
221472
5292
221468
55633
9025
23070
154467
266727
60685
114781
2739
1769
55776
8645
89822
221458
4337
222643
221443
4800
340205
79865
54210
101060264
116113
7942
10817
25862
9477
705
896
129685
647024
2979
55173
55809
23304
6903
23506
285855
441150
171558
10695
27232
107080644
5190
5528
4201
116138
88745
9820
89953
51069
5754
6722
23113
10591
401262
24149
89845
65989
93643
9533
25844
57510
5429
54676
9587
221421
55168
7422
64928
55362
11131
2030
3326
347734
4794
57505
988
8464
860
53405
22875
59084
10231
9481
7941
27242
118732299
23607
4594
55166
6005
3605
4172
85315
114327
9697
401264
28978
2941
22858
26268
60481
2729
401265
124901333
55227
667
221336
57691
26036
9532
51715
5558
202559
642489
51557
7803
23469
55788
1310
105377849
57579
135154
60682
135152
79627
56479
80759
122539212
441161
55510
115004
25821
1915
26503
101928489
135228
1347
55754
100506804
27145
26054
4646
134728
55023
9324
100288198
167691
83699
6785
7272
594
55603
25998
7162
90025
23033
5238
112611
4199
167681
51167
123956252
22832
4907
57231
10492
124901355
23036
57150
63914
206412
10559
57038
23595
55122
8732
118597843
10957
135295
135293
51465
58528
22881
57226
23195
60468
6885
101927288
79694
23376
81491
29078
114792
253714
26235
51805
25957
85015
892
6492
10973
57531
5550
639
9474
202
84816
55278
105377926
51250
57673
57107
55084
256380
11231
28962
8724
246269
2309
84071
27244
285753
8763
285755
6610
64780
9841
221264
9896
8936
51362
8528
85413
23097
262
112495
84154
117247
91749
5980
643749
10758
2534
51175
619208
285758
3066
101927768
221294
23270
29940
7259
441168
51389
345895
221302
3841
57120
285761
116150
387119
254394
25842
79632
4121
221322
3298
57515
5570
10924
154215
7955
154214
7164
51020
23493
135112
135114
60487
387103
81847
55862
352999
387357
5796
3908
93663
253582
84456
154075
114801
2037
9465
383
9439
5169
5167
1490
100507254
26002
8417
8876
8875
116843
6206
9519
6446
64577
10767
4602
54806
100131814
27115
113115
9774
9053
123706512
4217
5191
3459
100507406
100130476
7128
64065
23593
57224
124900217
25901
85021
58527
51696
167838
102723690
10370
51534
57211
3097
51390
134637
8504
2519
9749
84946
5325
83443
8676
7402
7957
84085
100507557
257218
10981
729178
106182249
134957
23328
10090
23118
387082
340152
85313
116254
11104
9113
348995
5110
84918
80328
81706
57480
25902
9590
57621
55005
79624
80129
2099
23345
80177
26271
54516
26575
4988
26034
154043
22828
26230
51106
115308161
57492
729515
79683
51429
8871
84947
404672
56995
57583
6993
94120
7430
100130967
83861
105378083
117289
9589
39
6950
29074
154197
3482
6581
117981787
4216
56895
5071
135138
100526820
9444
113402
51660
6196
8635
11116
1235
4301
253769
387263
55274
6991
55780
285804
401289
28514
84498
5689
6908
5134
100507642
56975
441307
5575
101926963
54919
23353
51608
11033
90639
84310
115330
90637
101927021
79778
26173
7975
84262
114796
392617
101927125
8379
29960
4521
29886
8662
55501
3955
221927
23288
80727
155185
2768
84433
221935
221937
9907
100533952
57786
26100
222962
84629
100129484
80028
60
6624
54476
654231
51622
5395
7965
27102
84132
9265
84792
5879
221955
11014
392862
55146
79034
54753
7559
221960
56913
54468
6119
729852
113263
3382
4697
9678
221981
54664
221806
85477
10124
729920
57037
28969
27075
10551
101927609
196
23161
9734
221830
346389
101927811
3696
6671
8701
55536
9771
256227
401312
541472
3569
54543
107986346
84668
55975
11097
10457
115416
10643
29896
90693
340277
56164
4852
51678
1687
26031
54205
136895
646588
9603
3181
11335
29887
105375304
441204
9808
8935
3198
100506311
3199
3200
3201
100133311
3202
3203
3204
3205
100874323
3206
11112
105375210
8887
221895
9586
54504
1124
222171
9805
55033
84725
222166
223082
10392
79017
2617
84182
358
23658
23080
25948
11328
51251
6100
27241
23333
64224
101930085
989
80820
23366
54443
313
9844
353345
54749
51314
83930
340286
27072
57002
5898
112267983
8621
136647
79783
79020
5683
64983
9263
55744
644
64951
55665
51619
28988
5224
27434
165
5425
2645
10652
23386
54606
222068
4967
83637
5478
94239
5814
64005
285958
83605
9238
3486
64759
3364
256979
136288
7378
154664
11055
100130988
10320
63979
1644
2887
23242
23480
55915
81552
349075
2631
51373
5723
908
25870
51142
389493
107986806
728927
340252
51427
7697
10793
441239
51351
109504726
2086
168374
154807
2990
435
27297
8460
285908
100289098
154881
27342
55069
51119
55253
100507468
26053
83698
9883
378108
55695
8468
9031
9275
26608
155382
84277
114049
6804
83451
155368
2006
107986809
3984
7458
7462
5982
7461
9569
653361
84163
389524
375593
3092
57414
5447
51657
4191
3315
7532
136853
7784
113878
105375355
22932
57639
10875
54103
5782
100505854
222194
85025
57157
9863
2770
948
10512
3082
27445
222223
101927420
9988
79161
11257
54677
5244
5243
154661
55972
10926
53616
6717
79689
26872
79846
85865
101927446
9069
5218
124906608
8321
7978
10142
1595
613126
889
54467
57798
5189
84060
257415
1021
101927497
54809
219285
55610
2791
10282
64921
8910
23089
55607
5445
1780
10165
7979
57001
440
22853
25851
25798
55971
4885
8295
57154
10552
10095
11333
8896
26024
100526740
10898
9551
285989
84124
23660
221786
79027
100289187
221785
1577
89122
349149
7586
7589
7551
10980
4176
9179
6878
245812
255374
389541
55262
79690
221914
10734
79037
441272
29990
29992
55063
56257
221908
402573
81628
222950
3268
4034
26261
100129845
5118
64598
7036
2783
64599
10248
2050
56996
105375430
7205
51593
402682
10071
102724094
81844
5054
1174
7425
8985
10467
24146
51024
64792
1523
10603
79706
80228
54784
222229
5439
100271927
123258399
10156
100134938
246721
222234
222235
10234
83787
222236
9512
27000
5701
5001
55904
6733
54517
60561
222255
222256
6856
10135
128266843
168455
5294
5577
26959
10466
11062
55973
5172
101927974
79872
1738
4897
50640
168451
4189
83943
54674
9732
11179
3475
286006
64418
154743
401397
29969
102724386
22797
26136
858
857
830
7982
93655
338069
51691
56311
23554
54556
79974
51384
10447
10157
154865
4698
142685
8976
116435299
25913
401398
101928283
168850
79571
381
29999
121832805
27044
64101
55131
401399
3614
29923
55798
813
64753
9296
100130705
3663
23534
340348
6608
23382
57464
100287482
4899
7328
51530
23008
100128325
84928
93979
95681
317751
4232
26958
378805
4289
5420
91584
54927
60412
84912
105375519
231
669
800
340351
78996
55281
29062
4850
23165
647087
136319
105375523
64764
8805
136306
155006
57670
92092
56829
79989
254048
154791
51631
28996
6916
64761
80853
100134229
84255
23608
90956
4708
100134713
673
51650
55750
57189
285962
6742
8972
23601
28581
5644
2051
3792
373156
135932
835
1180
9715
7791
2041
285965
285966
9747
445328
7984
27010
26047
8454
2146
9601
136051
155054
57541
8427
7988
100289678
27153
155061
84626
168544
643641
401431
155066
653857
65999
5919
29803
285971
285972
155038
168537
55303
474344
26157
170575
55340
28959
55365
3757
4846
285973
11194
9311
1020
6522
10922
83590
116988
10061
54480
6604
51667
349136
155051
6009
51422
63917
58508
100128822
7516
57180
22976
202781
3638
100506302
155435
140545
64327
64434
9690
10049
5799
105375614
54892
57488
55112
7434
55344
8225
28227
1438
3563
293
751580
8623
286530
8227
438
207063
9189
4267
7499
8908
414
415
5613
8226
412
8228
6907
55841
1183
121847985
3052
395
10943
5634
51284
51311
7114
170082
9367
6399
8481
2824
54960
2187
158747
140462
5277
8544
57393
11238
8233
8905
56474
94056
55787
5931
9185
6322
10742
10389
6792
5256
5160
389840
30011
256643
256714
1964
124905557
6197
22866
257240
51360
404281
6611
5251
10549
23597
6303
79135
254158
80311
1968
7543
5165
9468
5422
80231
2710
257397
1756
347404
7504
1536
6990
8406
6103
7102
58526
286442
54880
10159
159013
9282
8239
105373185
1654
8573
2857
27197
4128
80258
139341
7403
55634
641339
401588
56548
84679
6102
724087
9767
54539
8241
7317
5127
8237
7712
7592
369
6853
7076
5199
2002
8409
100133957
347344
7569
57232
92745
24140
101927635
64840
10682
4943
5935
64743
7454
6839
392465
2623
10013
3266
27344
10245
10084
7355
11040
55593
3750
56850
7030
90060
11230
11152
27238
5355
4007
6855
100873921
778
28952
50943
89801
102724473
158572
1184
85417
57477
170685
55190
23708
9500
54328
64061
102723508
8242
23096
8243
158787
3028
10075
23133
54954
65267
90121
54552
10916
7216
27301
389860
90736
90737
28986
158880
10325
11279
29978
169981
474343
54466
158584
158586
7789
139886
23229
139285
55613
55906
340554
81887
4478
11326
60401
367
4983
286451
9754
1947
64219
1896
3476
51248
24137
1741
29934
4303
158830
3561
9968
54413
107985688
9203
4841
26548
6872
8473
93953
2833
340527
340526
5303
54821
6191
4435
55869
5255
4674
53344
9383
7503
554203
100302692
6567
51132
22
139596
158866
51260
57692
8823
546
84061
1349
538
441531
5230
51616
10800
2846
27334
84636
9452
254065
79366
6451
139324
139322
7552
1121
4675
286499
1730
29935
7105
94121
1478
402415
79979
2491
1678
695
6173
2717
3188
100131755
51309
54470
51566
9823
84460
140597
340542
11013
64860
9737
114928
100528062
80823
55859
56271
90843
340543
84707
56849
51186
27018
79921
85012
9338
9643
203562
51209
286527
644353
139231
55086
54885
79710
55285
54830
84443
5631
1831
11043
340547
5716
115201
55916
23630
2182
84187
9949
347687
91851
5063
79868
340596
154796
57631
5358
642776
90293
54521
139818
3597
170261
79836
10857
203427
292
63932
7319
55922
23157
347454
6170
65109
7737
4694
79576
158800
104797536
10009
3920
8450
28985
29071
2747
57187
331
101928402
10735
4068
10178
6594
4952
7512
54440
51114
10813
63035
2000
9131
9363
55609
9016
51634
10495
286467
51765
57826
101928578
55796
2719
84295
3251
159090
159091
56180
644538
441518
8933
26071
7626
203523
399668
100874118
203522
93380
10479
2273
79649
27336
959
9459
27316
4168
286410
23641
139065
2332
2334
3423
100131434
91966
541578
100272228
10046
4534
8776
83692
3149
203547
1069
50814
7739
114824
29944
84968
128966702
10838
105373378
11219
55559
6535
10134
215
26576
3421
6748
57595
3897
393
8260
5973
3054
8269
3654
4204
8277
2316
2010
6134
1774
6901
537
2664
9130
55558
8270
8266
8273
60343
2539
139716
1736
4354
2157
65991
4515
100272147
79184
7411
116442
1193
55217
10251
6845
3581
100128260
169270
26260
157697
2055
101927752
9639
104266957
101928058
9920
9172
101927815
100287015
79648
285
55326
100652791
100128890
100132103
9258
90459
79660
124901882
8658
4482
83595
54984
286046
66036
83650
83648
640
252969
2222
1508
105369250
85002
653333
128966622
91694
340357
10395
137868
7991
4481
26281
286097
51201
29883
137492
57509
5108
427
101929066
9
23362
63898
55790
55174
526
11178
2675
9046
23039
10361
8822
2039
64760
80346
649
661
55124
23516
5533
10174
64236
541565
57805
55909
1960
157310
23221
8795
8794
8793
8797
91782
203069
4017
9583
51312
4824
10863
27299
4741
80005
2796
54793
157313
5520
665
1808
23087
2185
2053
1191
55246
157570
55872
286133
389643
55140
5368
55893
157574
7976
2137
101929402
55756
79618
23303
1846
51669
23484
619373
118597835
10671
100128750
11030
2961
2936
5516
7486
3084
84750
80185
84549
79845
80139
102723701
11160
11212
25960
55290
80223
1978
9070
6770
27257
9530
23259
84513
54904
137994
2260
6867
59339
203100
83877
8754
203102
3620
169355
79698
51125
84296
137964
286
7994
10947
5327
101929897
3551
5423
7419
6575
114926
55145
81790
84376
2339
84197
138050
23514
1052
5591
4173
7336
105375822
115294
124901944
9705
9821
51606
6917
10434
29088
137695
96764
4067
6224
5324
79145
195814
54928
90362
137886
6386
8439
9760
100505501
767
5862
55636
444
8836
101410533
253943
9420
55156
9650
5150
118568829
85479
100505676
23212
137872
4603
80124
23678
157777
10987
79848
10565
80243
81796
121233925
10499
23471
286190
51110
389668
100132891
9242
7013
6129
157506
27067
55284
6921
54968
23643
54332
441355
51050
83690
101805492
5828
5569
51101
3574
11075
23462
28957
7163
124188259
65986
619279
55824
105375924
2171
3612
347051
79752
92421
64089
85444
102723322
1875
401466
377677
759
761
760
11059
51115
8895
101929709
8767
734
4683
1666
169200
64168
100127983
55529
100506365
51633
100130742
286144
137392
389677
105375645
91147
54704
114515521
2669
25788
100861412
25962
101926977
286148
55656
9134
137682
94241
105375650
79666
100616530
157657
7381
51001
9791
10404
85453
92140
55353
4147
6156
10247
10940
79815
6788
116039
105375666
157680
1345
286151
5440
6674
25897
157567
26986
7534
115830329
51123
83988
50484
51366
107986898
7071
51582
528
79870
105369147
8323
115908
81034
25879
29967
55074
284
3646
9694
101927413
84955
56943
93035
9166
55638
7227
8667
84294
5885
644660
441376
90390
2131
401474
114569
4856
5168
6873
79075
64798
7373
28998
27085
6641
101927543
22882
79139
93594
84933
100533106
11244
29028
55093
114907
157769
101927588
157378
55039
101927612
11236
83940
4715
9788
137209
6713
9897
286053
10221
100130231
157638
100750225
105375751
727677
5462
100270680
4609
137196
728724
106144608
51571
50807
23167
3786
23639
137835
51105
6503
10397
6482
57623
552853
10656
107986980
83696
54108
27161
5747
22898
101927963
57210
11156
203062
575
23237
8000
54742
51337
137797
66004
4061
286122
4062
286128
2738
100507316
79943
116447
78998
114822
23144
79792
642475
93100
1936
84948
65263
7264
9831
286075
101928160
286077
23513
22827
340371
5339
84875
2907
375686
26873
54512
8733
1537
81858
84232
340390
727957
3297
8694
79581
26233
203054
29894
55630
51160
4796
50626
90990
84988
2875
113655
9401
9684
441381
414919
80728
90987
80778
6132
340385
7553
28991
58500
7564
286103
65265
55871
157983
81704
23189
6595
7436
9933
5991
101929302
169792
55064
403313
101929351
55664
50808
10171
3717
6019
6013
55848
29126
80380
57589
79956
158358
26953
115426
105375968
23081
90871
5789
101929407
286343
8777
4781
340481
158326
158219
6619
11168
203238
54796
54875
158297
10670
54801
123
55667
6194
4300
54914
401494
55958
4507
1029
100048912
1030
63951
286319
79886
9373
80173
7010
79817
203228
158038
48
23586
10210
100129250
4712
54840
3301
55234
2683
27290
573
51510
4799
360
65083
441459
5646
54926
55833
25853
51271
318
57462
84688
203259
375704
138716
11258
10280
2592
3590
10850
730098
25822
7415
2189
84720
121847984
30968
80256
10497
9853
730112
7016
971
27240
203260
84904
768
7169
7094
10488
57704
9827
692094
4882
26206
84681
51754
392307
8434
152007
881
1211
10020
152006
9833
5079
84186
9380
9925
64425
26267
401505
158234
51010
79269
92014
6461
219
253650
100289137
102724238
103352539
728673
728877
220869
445571
644019
5239
572558
105376070
8395
116224
2395
9414
375743
138255
256691
100507244
23137
687
23670
51104
138241
100507540
7763
216
301
6096
55071
138199
54981
26578
5125
55312
2650
23230
2776
84131
29968
7091
7088
101927502
257019
414328
29979
105376114
80318
55582
84267
3190
80010
23287
60560
51280
389766
81689
79670
2619
1612
1514
23552
10927
1903
1164
79048
10507
10912
100129066
6850
100129347
549
4783
4920
10558
3376
55035
401541
64768
23299
83744
89846
203328
84270
4814
158293
23196
5253
138639
169841
84641
2203
84909
2176
105376156
5727
375748
100188953
105376159
11046
195828
22927
8555
195827
22869
158431
1515
100499483
23424
7111
158427
4686
7507
51531
55363
10541
54187
9830
7464
55357
203286
79695
1306
7046
85365
10952
8013
55014
23071
27130
54881
91283
347273
54534
7743
84302
56254
101928550
10592
25934
55335
19
107987106
23446
83856
105376199
2218
6887
55151
100996590
107987108
58499
5887
9314
8518
54942
8727
23731
401546
7295
1902
23392
158399
22949
548645
2790
7357
64420
9991
84263
158405
58493
122455334
401548
57864
169834
7539
1318
23307
1317
246184
9128
114987
54836
81932
210
54107
257169
5998
114991
80709
25861
9550
203197
9966
944
23245
22954
7099
55755
1955
26190
5711
26147
7185
727
11064
51552
2934
2040
158135
4702
26468
92400
92399
5742
5082
54542
10773
57684
23637
2844
55342
286204
57706
10783
5695
2649
100379345
11224
81873
2800
286205
5537
10244
3309
107987127
26130
79109
5090
89853
23099
403341
9649
84253
29988
7633
6136
90678
64855
6812
138428
286207
158248
27433
10044
1025
2356
2022
102723566
203
30815
27090
138429
8818
399665
203245
114789
80142
3934
79095
25792
1759
2801
375757
26995
51117
10999
81605
51148
4957
2733
101929270
6709
89891
6418
29941
84885
100506100
10444
54662
2021
51490
883
56262
254295
22845
23511
56904
84895
57171
1384
5524
389792
100506119
105376292
28989
140459
27348
1861
51759
10868
23048
57720
8939
23404
25
10319
83543
8021
286336
84814
10585
83549
2889
9442
84628
23064
7270
64794
9329
158067
11092
7248
8328
9328
5900
26301
6838
6837
6130
6834
6835
6836
169436
57109
11093
11094
11182
1621
138948
1757
7410
266655
8019
11091
6256
1289
2219
10439
100506599
9858
138162
51116
157922
10422
138151
90120
169714
26086
728489
64170
6621
10807
23203
56623
9919
158055
4851
101928612
51162
10555
138311
84973
124900276
158062
138307
85014
84960
100131193
55684
29085
158056
8721
7186
54461
733
286256
5730
401562
286257
9022
20
401563
2529
56654
89958
91373
100289341
11253
29952
2902
389816
100505993
29882
8636
286262
94107
27158
727800
375791
10383
25920
54863
441478
54932
10811
26012
375775
64975
92715
116225
92714
85026
79813
10771
22982
23185
23560
55853
3422
22884
105
5214
10531
1316
83592
1645
1646
8644
10276
79754
54906
2665
54522
84893
3601
3559
84991
5209
399715
5588
439949
57713
22944
509
83860
399717
2625
10659
9712
79746
254427
26019
55526
55176
11164
8872
57118
83643
10133
55388
5264
22929
222389
8559
55691
83641
441549
51182
79723
64421
644890
221060
10557
9397
221061
80013
9317
6251
8029
1787
100507347
7431
338596
9200
102723166
8027
783
221078
221079
340895
101928834
84898
399726
387640
8028
64215
23412
648
9576
5305
22921
256815
105376453
220213
57584
56952
219670
79896
54518
23590
10006
22852
10730
84930
91452
22931
55130
143098
105376468
51322
25805
6840
57608
55149
1326
220929
6935
101929951
94134
3799
80314
79741
3688
101929475
8829
56288
8453
1390
219771
57209
219749
7581
7587
7582
9790
5979
118568825
55454
221002
3185
642819
8187
220992
7580
414197
643236
83937
11067
220979
7570
240
220972
93550
253725
119016
102724593
83849
5599
58504
57705
170371
2074
8505
113218477
414189
387680
56624
259230
653308
5592
23283
101928687
105378305
11130
253430
55847
7321
7019
80114
220963
8030
288
983
9886
84159
219790
22891
84890
1959
29982
221037
84989
221035
29119
56521
23411
26091
64081
3189
55680
1763
8034
80312
55749
219736
79009
9188
26128
5552
9559
6832
80201
3098
6865
23555
50674
101929021
219738
1305
55506
84883
219743
56681
5464
55222
1979
4838
27143
5551
8879
5092
219699
728978
55315
64072
414152
64115
5660
9806
51008
119504
54541
54788
10367
90550
5033
25961
11319
317662
23234
51021
414245
118491
310
118490
5532
159195
729092
9632
170384
118487
23053
8509
818
5328
7414
26985
132
23522
142891
7417
118881
84858
83938
3778
9231
11128
6229
283050
57178
10105
219654
143244
101060691
642361
283008
80195
219348
311
84293
81619
101929574
27069
92211
54462
23063
122152326
657
6623
10974
2746
54537
728190
439994
9562
9060
84896
100144748
5728
55328
118932
57559
59
355
9023
3988
3433
3437
3434
24138
53354
9585
643529
10556
84333
143279
100507633
80351
143282
9044
22849
54708
3416
3832
3087
54536
26509
55165
118924
159371
51196
64318
23232
3070
9124
10580
5832
26123
953
728558
54619
29760
1791
7093
56889
118788
84458
100533184
84986
10023
23401
23223
5223
51013
84287
64210
80019
55361
118812
60370
83742
118813
6425
401647
27291
84171
84795
3257
26507
2805
101927300
101927324
159296
81894
123466211
57089
51076
1355
1244
23268
10613
1147
55280
282991
9033
6319
25956
4714
55662
55719
84545
57715
56652
84445
79955
81855
81621
8945
25911
27343
6468
10360
10724
30819
79591
79803
8861
23082
9221
8729
4791
5662
79176
79004
79946
79847
10121
51684
81603
403
118980
54838
102724307
119032
54805
22978
729020
84108
6877
84833
22984
51063
255022
9148
9644
79991
9748
119392
80217
9446
119391
85450
100505869
7511
100505933
120
4601
10285
1847
9126
282996
27250
92482
8036
150
57678
51703
64429
143187
6934
840
9937
374354
55088
56165
340706
84632
3983
57700
142940
57698
105378500
6571
118987
22841
255082
63877
143384
8661
404636
119559
10935
2869
6001
7073
9531
22876
79892
11196
55717
11101
54780
59338
5654
50624
196792
80007
118672
64376
36
9184
51363
4942
64077
9679
399818
23172
54764
1488
283038
399821
26098
7390
56647
55760
92565
8038
1793
5791
4288
4255
387723
10539
55844
664
282973
10570
282974
80313
170394
3632
8433
27287
101
10844
118472
50632
282969
1892
196743
92170
1571
93426
51272
60626
23410
5719
171389
80162
10581
8519
10410
338707
11187
59307
338440
81490
6050
3265
115399
256329
692247
8045
100506211
57661
3665
6343
1815
10522
64787
283232
6888
347862
171391
51286
79751
55367
6181
57104
283229
977
5441
7106
66005
161
54472
255512
81532
1850
338651
440021
402778
1509
126568849
7136
4046
7140
6150
430
29125
10077
975
10078
3784
10984
1028
5003
5002
7262
4676
833
114879
7748
57053
4928
27315
391
105376527
6786
6240
100506082
6737
55128
3043
3045
3048
143630
117854
53840
85363
10346
84067
112464
6609
322
10612
23647
26515
144132
23378
3611
6881
1200
8642
63875
7761
100506258
8495
51700
8665
79608
65975
9866
6157
6764
56672
56674
493900
56675
57758
23258
440026
10527
644656
7702
7465
23075
440028
283104
81846
133
272
50862
100129827
10335
9646
1982
58486
729013
374378
283106
55031
27122
9645
55742
406
84280
84188
101928132
22800
1315
5682
5140
120227
797
55553
10944
144100
6207
5286
4925
374383
26297
7166
113174
11234
2965
3939
160287
7251
55293
144108
144110
283284
54503
89797
100874014
10553
10196
2188
258010
103695435
91057
55366
55327
497258
81930
196074
120534
744
105376609
120526
196294
26610
5954
7490
10480
493860
79056
79832
91614
55346
1479
338739
10114
966
26273
101928440
4005
4076
55226
25841
847
51074
8050
960
6506
54765
143458
29099
79899
7189
5896
119710
8539
55761
51144
221120
387763
84680
2132
3732
90139
9537
56981
101928812
55343
1408
9479
9409
120071
51317
8525
4192
55626
283254
9776
392
79797
9793
100507401
79096
84364
29763
1643
53
10062
8567
101928943
4607
6688
127138868
91252
5702
5913
10658
4722
114971
55709
399888
114900
23788
79841
23360
23279
5795
2346
85456
6749
5553
29015
349667
8501
26519
9246
710
219539
10978
25921
219541
51075
280636
1500
9404
80829
219970
283194
374393
101927204
63901
23220
219972
5007
219988
6809
54948
932
2206
64231
51338
58475
84689
931
127138859
79080
11251
22917
27339
79073
51296
923
921
55048
220001
1642
26007
220002
51524
51259
79869
54949
220004
747
745
746
2237
9415
3992
3995
5866
7439
2495
3619
80150
79026
1937
64852
9219
256364
6094
26229
23193
80789
79081
751071
790955
51035
26580
2785
221092
283237
79842
5436
10629
79064
374395
10482
6811
105369332
54663
6520
85329
5920
54979
11145
25923
10313
65998
144097
2011
283248
79829
1351
55611
28992
10963
83706
83707
84304
3338
7423
2286
26472
105369340
5331
572
56834
2101
51504
25824
102723878
283234
8986
107984366
100996455
9379
10235
5837
7536
5871
4221
55561
10938
23130
5526
283129
116071
402
29907
29901
10004
113130
7542
100130348
738
7108
741
2197
84447
740
728975
823
23649
10435
5977
220359
283130
83786
283131
378938
57410
4054
10534
23625
254102
10089
4296
399909
6494
5970
10524
84153
91056
1072
254122
80198
30008
1521
9158
11007
8061
83638
10589
9092
84285
8815
1474
117144
89792
10992
55690
124902694
64837
81876
254263
10897
57124
9610
25855
11041
102724064
3177
65003
246330
101928069
10072
582
254359
8722
9973
10432
5936
100526737
83759
6712
79703
9986
5091
78999
29984
22992
156
338692
54961
57804
23529
5883
5499
374403
57571
6199
5790
57175
57010
80194
9049
9600
10263
2950
4723
254552
347853
91703
81622
221
4728
10312
1119
51111
53838
4041
55291
51083
9633
1374
219927
3508
219931
595
220064
8772
8500
1717
129810502
55191
55199
100133315
55298
10068
4926
100128494
120356739
55004
25906
2352
2350
3636
81570
5138
116985
10809
89849
9873
5029
5031
100287837
9828
84957
23201
58473
5870
51642
51287
80227
7351
7352
26005
51400
283209
10008
387787
100287896
10714
254225
143570
9789
10825
100507050
408
6188
283212
81544
871
105369391
84649
100506113
7405
5612
100506127
124902718
56946
2615
55331
726
4647
5058
1207
282679
51773
28971
92105
65987
4718
79053
100289388
283219
57558
9846
101928865
79731
220382
5547
220042
27314
51585
338699
60492
1740
55863
84233
58487
54843
8301
8726
51501
60494
10873
11098
65084
23682
1075
26973
120114
120103
56935
85459
79101
28970
9440
24145
4361
54851
143689
2526
154810
51503
55693
23052
100129203
101929295
143686
143684
9702
8898
84441
79780
8690
143872
57562
330
329
114908
101928424
4316
84259
79659
80310
837
834
114769
84437
143879
60496
143884
91801
54733
54734
8065
38
4863
472
160140
143888
23086
1662
85463
5962
2230
57569
105369490
399948
5450
143903
23235
5519
79796
91893
64776
85458
1737
120379
55216
26521
6392
3606
56158
83875
5805
100132686
101928847
4684
54970
9183
57646
3359
7704
54494
10179
25996
23705
84811
122455333
8882
335
23387
5049
51092
6876
9159
257160
23621
22897
486
100533181
53826
84000
3587
120425
196264
10205
916
915
917
9354
10632
4297
101929089
143941
84866
56912
372
23187
1656
643
283149
7379
338657
6230
51399
2542
10525
55823
3145
3014
1798
9854
25988
79671
283152
867
4162
79102
9099
7070
5818
220323
219902
23365
2900
219899
6309
105369536
6653
84959
56253
79864
3312
79827
57476
7753
4013
84897
54414
53340
4900
23584
90952
101929340
79684
100507283
64221
54538
80071
219855
219854
9638
105369550
9538
3703
1111
219844
83480
29118
50937
84881
79607
6734
55572
114609
105369557
28960
6484
105369563
2113
101929538
2313
100507392
219833
9743
120224
4798
56980
334
6768
29068
646383
399979
22997
100128239
83700
23310
112936
29087
27034
112937
89944
27087
729305
440073
105369593
6539
6540
5927
84318
283358
4815
100049716
65125
5893
23085
81029
144699
79602
93589
196513
775
100874369
100874235
100652846
2288
283440
55846
2305
83695
7289
10867
84766
57097
105369609
894
57103
57102
10635
8798
10566
4704
3741
7450
928
55200
7132
6337
4055
678655
939
55080
6843
51258
9918
2597
25900
4839
1108
57121
84519
51147
171017
196500
50813
8079
5763
3902
920
27239
2784
83461
8078
7167
84727
105369632
10233
2026
1822
113246
5777
10436
11331
10162
716
715
51279
283314
83758
9746
5830
9332
170482
144195
6515
55810
719
25977
50856
440078
55138
101927905
389634
338339
26253
57494
1911
4074
10219
144571
2
100499405
3820
105369728
29121
969
51348
9976
100506159
160364
51266
283420
64581
23710
3824
101928100
22914
100528032
8302
3823
3822
3821
255308
101060038
55110
55359
8531
5554
11272
50840
106707243
5544
338817
2120
79370
4040
54682
503693
118426
80824
1389
2842
1027
81575
51202
100506314
55507
50865
57613
2012
55729
79887
2984
121504
55766
51729
144608
4256
121506
397
85004
5800
2059
11171
51071
4257
54477
121536
79912
5965
51026
80763
3945
3764
55907
6489
9847
55500
6660
586
4033
55259
144363
3845
11228
79365
8082
3709
55726
26127
51768
9412
23012
56938
101928646
8496
60488
57542
55297
55711
100506606
51290
101055625
10526
65981
100506660
1663
58516
79857
160518
254013
196394
440093
105369723
105369725
55196
636
121512
10059
51067
5318
84920
123706542
144245
144402
107984504
55605
225
114134
107985190
120892
29951
283464
10138
51535
85437
144165
83448
51135
5756
84216
4753
196527
196528
9169
81539
54407
347902
91523
79657
10411
55652
51564
7421
79022
29843
5213
140461
387856
121274
54934
904
112
100506125
784
9416
27289
85478
51303
377
7480
23109
105369758
5571
8085
121268
55716
10376
7846
84790
10024
65244
23416
10445
25766
91010
7009
57701
100286844
144233
29127
41
6602
84987
91012
51474
113251
57609
466
25840
4891
25875
81566
7024
5463
9802
57228
51411
1990
11226
9498
91
160622
3164
115409980
60673
3855
3892
3887
140807
100127967
319101
3849
3848
374454
3856
3875
1975
283335
23371
84926
3489
8435
51380
283337
3695
5916
84975
5204
60314
8086
6667
269
54458
5094
7786
6895
114108587
11016
100652999
517
57658
23583
23468
112935960
3178
4778
22818
102724050
53831
25946
3678
121355
3071
5153
118430
9840
196410
3679
2647
5959
967
105369779
10220
84324
29095
85406
84305
1606
6490
1017
5869
6821
64375
6231
2065
5036
6171
84872
23344
140465
4637
6601
10193
79035
283373
93058
1431
10330
9924
51561
6773
8914
283377
27165
5939
11176
506
10728
4666
5557
8630
8608
9880
4640
23306
4665
6778
4035
11247
6472
56901
246329
22864
120766140
2735
64333
4141
1649
114785
10540
3798
79837
196403
115557
10956
116986
100130776
6302
1019
92979
1594
4234
25895
10102
10677
10106
100506844
91419
9194
338811
9958
23041
283416
120766144
57460
283417
10329
57522
144577
11260
29110
283349
2799
23329
23592
253827
8091
100129940
84298
51643
11213
92797
23426
55832
8445
3458
50616
56890
5908
100507250
57122
55508
4193
1368
11052
4069
8089
10818
10576
101928002
117177
101928062
4848
27345
5787
5801
196441
83591
55266
23011
64786
552889
84698
144321
11010
11103
22822
4673
79738
114882
105369850
23390
1466
144455
6857
5074
4659
8825
79611
29080
84190
160335
9182
91298
80184
160418
1848
282809
490
338758
256021
694
574016
574028
440107
8411
11163
7334
28977
8835
8738
10154
51134
57458
55967
7181
55785
55591
10988
84101
59277
6636
120935
144193
3034
4048
2004
5128
144535
121441
643770
100128191
7112
5250
121457
317
56899
23074
64431
120863
55681
283431
27340
400
56994
50511
79158
55332
51019
79023
55010
3479
374470
51559
7184
728568
6996
29915
4801
7296
493861
50515
84102
121053
23325
55198
387882
9891
10970
255394
55703
5992
100505978
55188
90488
80298
1407
121551
11137
11108
9671
1240
11153
9733
23479
338773
6404
23603
54434
84749
121642
7374
32
83892
89910
326625
4598
84915
51228
84260
9815
88455
400073
28981
488
51434
10094
51184
29902
51699
144715
160760
79600
84329
5501
4633
23316
144717
105369984
10019
6311
102723619
8315
80724
217
51275
8550
89894
10961
80018
10906
283450
6128
5781
22895
4938
4940
4939
1840
8437
387885
79039
84934
115811
53373
80024
196463
10993
113675
9904
23389
79794
84900
8739
26259
54997
23014
283455
5985
55884
54621
5037
51347
64426
105370027
5564
11113
92558
11021
10985
6175
100506649
5829
23409
5319
1337
51499
283459
8683
8655
100506668
84274
9921
51367
9761
84747
35
121665
64897
8638
5027
5025
10645
51433
80196
84678
283385
144404
54509
338799
23067
5715
144406
605
22877
254050
79369
56616
65082
6249
55596
65117
9735
338442
8843
8562
84660
9026
79720
23457
79676
51329
57605
10198
91574
8099
55206
112268105
387893
196383
11066
353116
10959
57696
1967
2967
79867
23545
196385
80212
144348
9612
949
7316
57647
140707
65985
121260
144423
9271
23504
2054
5901
283383
107161159
6433
4326
8408
80324
57634
317781
79050
100996246
57666
5426
5827
192111
23141
2802
55743
101928530
100289635
7574
7637
7699
101060200
7556
10795
54737
55269
9205
7750
10804
51084
8100
53342
221143
64328
26524
10284
221150
78988
100652865
253832
221154
2254
26278
100506697
55504
4285
542767
221178
100874231
143
55835
5042
9107
9818
51761
387914
6049
1024
10810
2835
219333
6144
387496
2971
219402
222484
51082
646625
2322
255967
2321
51371
283537
6541
5412
84056
100188949
3146
10208
241
10808
145173
10129
675
90634
10443
23047
5983
26960
54937
728591
23111
100507135
5994
29880
11340
55578
51569
80209
387921
10186
57511
2308
10240
10166
1997
11193
89890
84078
9617
79612
28984
23078
160851
11215
8600
94240
29103
160857
144811
101929212
387923
8848
26747
55425
2963
7178
253512
100874259
83548
220082
23091
100509894
3936
220416
100861554
80183
23143
2098
100861549
8803
55270
29079
100873965
9445
100862704
5925
10161
1102
57105
22862
81602
81617
83852
51131
55213
115761
84650
3839
57213
10206
283518
10301
100874074
220107
103689915
79621
26512
100507398
115825
79758
540
440138
9724
341676
4752
55901
51028
26586
144983
10910
11061
81624
81550
5101
440145
79866
22894
10464
688
11278
100507612
9882
170622
7347
101927155
4008
115207
1203
26224
23077
122060
100874222
79596
64062
100505538
54602
10253
26050
2262
10082
1638
23483
160897
10257
9071
100289274
5611
55757
10150
5911
3843
10160
100874080
8428
23348
100289373
337867
2841
1880
9375
171425
5095
87769
84899
283481
7174
93081
79070
54841
2073
1948
55082
3981
84945
10673
23026
8660
55647
55739
79587
3621
55608
8874
121793
10426
23250
23263
2155
55795
8451
3916
79774
113622
55208
55002
7027
348013
2621
22821
8881
65110
283489
91875
57820
10038
7011
55644
328
90809
4860
6038
283
6039
6035
6037
6036
64745
57447
55701
51222
3183
57096
11198
57680
84932
9878
56339
6297
105370400
1603
63874
5018
9056
122704
4323
26020
161253
55147
100505758
124903285
10419
101926933
54930
84962
60686
5693
64403
22985
55017
1053
23428
90673
599
8106
51310
116173
25983
85446
79178
8906
102724814
84502
10901
317749
90668
4901
5106
80344
161247
5720
51016
5721
55072
10379
9985
79711
10548
29082
145553
4738
51292
26277
7051
5875
115817
161424
27141
1241
196883
11035
4776
57523
643866
23351
56948
1511
2999
3002
29091
4857
5587
55632
23256
1690
29966
11154
25831
25938
101927124
112487
80224
105370439
394
9472
112399
171546
55837
58533
1073
11177
112268124
6729
283635
101927178
55012
9692
5687
4792
253959
84312
51562
89874
100129794
145282
161198
10484
105370458
8487
122553
123466206
5411
4253
100288846
254170
122525
54813
23116
55015
2287
57697
55320
140801
161357
6235
122769
6166
4247
55172
5427
122773
23588
9147
382
196913
283551
79609
6655
79944
27109
8814
11183
51062
60485
51199
5836
145447
114088
81542
122786
54331
51637
22795
5729
5732
57544
283554
30001
5706
6815
64841
10979
80821
101927620
652
1033
10175
2764
10668
23034
2643
11169
122809
93487
3958
9787
55030
22863
100129075
3895
57161
54916
10640
55745
122830
145407
55860
5684
379025
5926
387990
26520
9786
51339
23002
64582
112849
51528
729665
6252
341883
64430
51635
101927702
5494
4331
57570
145389
5583
161291
400221
3091
105370526
6617
5529
112840
81537
23224
2100
4522
7597
9495
22890
3306
145376
26030
6710
91612
2342
100529261
376267
4149
2530
10243
161142
64398
51382
1965
26499
161145
5283
384
10490
51109
23503
5890
677
87
161159
8816
55218
2079
55334
9766
6430
6547
51241
55333
10001
23508
4293
100506411
22990
26037
8110
26094
53349
58517
5663
8650
10965
122970
83544
9240
91748
145482
57862
145483
51004
957
80127
4329
91750
5826
10577
122961
4053
9870
51077
56252
283571
1743
83694
5228
8892
27030
97
79696
91754
10972
2353
122953
10538
55640
23093
11161
112752
7043
55668
22846
23357
64207
283575
85457
57156
29954
2954
283578
161394
63894
10598
9517
8846
81892
22938
283579
57143
145508
7253
2957
85439
6400
101928767
2581
8477
283587
54207
55812
79882
161436
123016
1112
400236
90141
55775
5700
55051
801
145567
9252
80017
8111
440193
55671
79820
123036
10516
9321
4287
4707
53981
123041
79890
5641
9950
3705
64112
26175
84520
55148
55727
57578
51676
78990
57062
122509
3429
83982
57718
5265
145258
23405
400242
79789
161176
101929107
283596
51218
9623
8115
56967
55102
51527
122481
10914
7443
101929241
388011
64919
84193
8812
317762
10858
51466
123099
7528
123096
7453
79446
57596
8788
55384
101929422
145200
5527
1778
3320
91833
5891
55778
51550
9895
122416
105370681
23186
7187
81693
9578
7127
1983
4140
1152
115708
9529
3831
84334
7517
79038
23368
9556
122402
64423
122622
10572
207
100128927
196872
283638
122618
122616
55038
29933
3714
256281
2972
90135
23241
647310
100507437
9112
1397
1396
283643
80757
9834
81614
123606
7681
4692
6638
8926
7337
57194
8924
653720
321
56160
100288637
22909
54893
283710
51621
161725
9824
6447
342184
101928134
6263
57099
56851
161779
79768
51234
9990
55505
254531
23015
440270
9716
54989
89978
84529
4212
161742
283742
10125
400359
105370775
7057
161835
105370941
100505534
440275
6727
100131089
90427
701
56924
106821730
5330
100505573
388115
85455
90417
3712
22893
113189
90416
27079
57082
5888
55177
2644
55192
643338
84936
102724362
6692
171177
57617
54617
11261
11339
51203
51103
23168
3706
4058
26015
7301
23269
23005
8681
51332
105370792
30844
101928388
23339
25963
2595
825
64397
8773
255252
55142
57519
146059
146057
197131
2038
80021
23582
9836
161823
146050
27229
7158
4130
9677
161497
117155
2923
80237
10169
619189
25764
4236
79968
113201
51496
645212
8669
80208
197135
567
140691
6652
53905
90525
101928414
2628
79029
84419
7782
26258
58472
50804
107984757
1854
2200
105370809
22995
399694
23741
9728
9318
2585
196951
2252
56986
79895
11001
3067
2553
9101
54822
84888
23431
23312
256586
29767
29766
123169
5597
112543478
10017
10681
55930
4644
10776
56204
51187
5873
101928527
9488
9236
145788
161582
4734
64864
374618
55329
54816
6938
283663
100820829
81488
366
3990
102
101928725
54629
54778
79811
9133
4643
145773
2958
663
302
79664
101928784
6095
54832
83660
7168
114294
51065
51762
83464
9960
100130855
283807
8925
23604
84191
6642
79856
5479
53944
9768
9325
23060
4947
348093
80119
80301
348094
51324
123263
390595
10081
10845
54956
54878
51495
81556
9187
10260
8766
115752
54962
5604
10302
6124
55055
4091
4088
79719
64799
100506686
145853
118732298
5607
8554
91860
54982
10116
10391
8125
246777
26035
9493
6176
145837
414926
104472713
7090
55075
55323
54839
56906
4649
123228
5315
56965
60677
3073
80072
105370888
25820
102723640
123346
585
83440
100287559
4756
27020
100287616
4016
9399
5371
8482
84993
440288
10620
1198
80153
1445
25989
10066
4351
57184
9377
54913
192683
60490
56905
54939
79661
4123
25942
5780
10073
55272
257364
92912
26263
145957
2108
49855
5955
9051
10099
79834
10363
23102
10518
3419
23205
55466
80349
1381
3658
123688
5685
1138
10933
1512
5923
23423
10588
400410
597
54469
2184
58489
23184
59274
3603
80765
84206
79631
283726
6218
100505616
123720
9455
83640
123207
53339
53346
50810
6457
643707
54993
84942
4828
23478
9640
5151
11214
64410
26589
64963
55070
64782
3669
145864
4240
11057
55215
5428
254559
374654
8800
56964
55897
145873
290
10239
348110
374655
109729181
3418
10509
10519
390637
51335
342132
8826
64784
101926895
641
5045
2242
4122
55898
374659
91433
9055
100507118
26276
101926911
9899
101926928
28232
400451
1106
101927153
55784
145820
91948
101927286
101927310
91947
3480
23336
64927
123355
4205
145748
170691
388182
55180
140460
101927751
79705
22856
55829
6627
120766138
5046
80213
123283
100132169
51728
79622
64285
4350
8131
3040
3039
3049
55692
83986
8312
10573
58986
4833
26063
9727
6650
9091
283948
57799
117166
84326
84331
197335
89941
9028
105371184
10273
339123
84219
146330
79006
65990
124093
84264
64428
113000
63922
64788
115804232
30812
8912
25823
7177
7329
8938
115939
84572
64718
283951
645811
1186
9894
9742
79652
57585
90861
23162
101929480
4832
65993
197342
90864
10101
3483
3029
81889
51734
4716
6187
10607
124056
2671
9143
90850
283869
9351
4913
7249
5310
100507303
84231
64223
283870
283871
1877
1775
1632
10921
106660606
21
899
80178
57465
527
51005
752014
5170
54442
83886
100128788
23524
6923
260429
10942
124220
64063
101929566
114984
84256
79412
9088
124222
9080
51330
54985
79228
146439
64386
124900372
9235
7755
7760
7752
4210
10127
91151
7627
54925
7727
146434
79903
23059
84464
1773
10131
1387
115
7023
101926896
51025
79585
114990
9093
57407
3163
29965
124402
23295
84309
124401
146562
26048
79641
84656
29855
5493
51172
56052
196483
79091
18
25880
5373
100130283
23589
7874
105371074
29035
80063
4682
780776
4261
28955
23274
116028
8651
105371083
400499
9516
8303
51061
29066
26156
2935
729978
608
92017
55313
2072
57496
5073
51283
642778
642799
23420
9284
105376752
23042
123803
54700
100288332
255027
89927
127898555
9665
54820
4629
123811
4363
368
408050
64131
102723692
283820
102723728
6210
23204
23049
102723385
10229
162073
51760
51573
9738
57020
400506
124152
51704
6296
116285
55623
112479
81691
123879
57149
57146
1428
23117
51108
10261
146183
440345
7385
730094
100288072
29904
55718
1039
440346
100132247
57478
91949
23062
124454
56061
4706
79728
84516
5347
5579
5930
27327
55114
283887
51451
342357
105371152
79831
197370
400512
3566
50615
283888
2975
23247
23214
124903670
388228
728741
728689
1201
55911
246778
112869
6799
6817
8663
100507607
11273
7284
25970
487
100289092
79874
930
84901
83985
27040
728888
107282092
552900
124907841
79008
130134321
445329
124907837
6693
23475
283897
3835
4150
112476
9961
10423
26470
253980
124446
9344
8479
283899
8448
226
5531
6911
83719
101928595
79153
5595
11151
654483
548593
6818
613037
10421
26000
29895
197407
1731
51333
79077
22928
3683
79724
65988
107984875
92595
146542
146540
115509
78994
64319
730183
10847
5261
90835
9810
23361
9274
101928736
1489
283932
54620
93129
9739
80270
112755
6810
79759
9726
339105
79001
10295
84148
146547
2521
29108
100652740
3684
3687
3681
283933
79798
7041
6524
64755
123706528
51327
124411
10308
24150
729264
729355
102723655
102723713
79801
55737
23594
388272
84706
10294
119545626
81831
81533
5257
83752
6477
9683
105371240
23090
255919
55027
64282
113
29117
85407
124460
64127
102724907
1540
80205
5934
64400
23322
79068
643911
101927480
4313
54947
1066
2775
267
11051
55239
583
4504
4502
4493
4494
4501
105371286
9688
9709
1071
84166
221184
80011
89970
23568
51090
57019
57017
5432
55715
92922
221188
9289
222487
10300
3801
374739
57567
79650
4324
29105
1459
29070
64785
65009
79918
23019
55238
2806
7084
51192
113540
146225
123920
146223
1783
8883
57546
6236
51647
8824
23491
283848
865
80262
84752
8717
55336
3299
8996
653319
283849
1874
79767
29100
29109
6553
25894
55282
51673
29800
9114
79567
107984813
10664
146206
65057
50855
84080
388284
81577
57610
55815
80152
57215
10204
23644
123904
5681
1506
5699
3931
6560
64180
64174
54920
55794
4775
23659
9057
84138
54496
55512
146198
999
79613
3038
54921
84916
6645
27183
84342
64146
51388
146456
7014
80777
10725
1728
28987
11060
348174
55066
124907803
128966601
118460
16
11269
55308
6483
197258
25839
23450
92154
55697
55783
7571
7567
124903710
100132529
91862
23035
164
342371
9798
55565
1723
54957
3240
9785
101927957
463
101928035
5713
440348
124907807
124907808
2734
55159
197259
79152
79726
84937
197257
162239
10428
124491
79583
11345
23536
3735
54386
105371348
22879
100130958
283927
51741
4094
101928248
102467146
83657
124359
100996425
56942
55839
23300
123775
2653
8139
80790
5336
93517
10200
102724163
3281
23417
29948
8720
83693
9013
161931
654780
58189
57707
23406
79786
9100
83716
55625
9764
339145
23199
51659
404550
10328
1327
3394
107984811
64779
100506581
101928659
79791
81631
23174
100129215
54758
8140
54971
84627
161882
124245
27189
1535
4597
197187
333929
115992
348180
9780
81620
353
2588
51693
390748
863
197322
283860
123706547
197320
29123
105371414
124903757
6687
101930112
6137
27132
5119
124045
8558
124044
9605
100128881
92822
2175
84501
22980
4157
54849
79007
2622
9501
105371430
400566
359845
55275
79850
50628
51031
55178
64359
29928
29
7531
1398
4641
51763
100306951
5306
124935
8578
83547
10594
84981
124997
5345
5176
114826
6117
1801
3090
23293
63826
55720
9905
4335
79066
5048
23277
23108
162514
23729
1497
30851
100533970
83460
5026
3682
83903
55421
84254
5023
489
23140
124936
51479
7326
201305
124976
10514
246
27043
101559451
409
400569
58191
84225
284013
388323
5694
119139905
5338
50488
1145
100130311
2811
8402
26001
5216
2027
9552
23125
388324
10749
102724009
124961
7775
84622
100130950
388325
9135
4927
84268
708
56919
51009
79003
22861
54478
83394
9851
84817
51003
54739
239
440400
100529209
124944
100506713
100506755
201232
162515
10462
433
432
1742
37
1856
79142
11337
23399
23587
1366
6517
1984
2874
84461
9744
147040
8711
57048
254863
57555
284114
2256
1140
57659
643664
5430
8742
8741
26168
1973
968
100996842
9526
6665
9513
112483
7157
55135
23135
92162
84316
124637
1107
284023
9196
58485
116840
3000
247
242
59344
5187
6844
84314
54785
9212
284029
80169
5198
399512
29098
124751
6154
643904
81565
4628
146849
23533
9423
9482
124739
5957
8522
4621
6341
56985
388335
101101775
7566
6416
9912
60528
1352
9953
84815
5376
284040
201158
10626
57335
136
125150
54902
9611
9487
201161
7314
51393
388341
57336
57547
9720
23495
284191
23164
201164
201163
8533
56953
55090
51655
10400
105371564
10743
140771
6720
146691
83450
91647
79018
1819
51168
54890
3996
2314
125170
7156
140775
6470
400579
654346
124907928
51030
5636
125206
644815
10750
400581
22905
27077
5598
4239
55244
224
218
9706
11216
92521
284194
23326
25979
8834
107984969
5606
3768
339263
26118
8844
3965
201229
51701
27346
90410
7126
26073
147007
23098
113235
9094
94005
230
10615
9703
6388
6830
147011
83871
6147
116238
284086
9618
55731
26284
2319
147015
57649
101927018
51268
124925
399687
57532
57551
116236
90313
28964
124930
84940
85464
374786
84081
642
1362
9527
51379
79915
79736
55803
84282
4763
4974
101927057
2124
2123
84440
55352
55813
23512
114659
105371730
55288
64149
7756
5717
8851
4642
26022
124842
10693
91603
3980
117584
5892
54475
146862
162394
91607
55106
146857
100506736
5193
163
9349
3927
100505576
57125
782
6143
84961
5469
51755
4761
10948
8557
5409
93210
2064
84299
22806
124626
55876
94103
284110
5709
9862
7067
9572
339287
22794
51195
147179
990
5914
101929693
7153
3487
84951
105371773
1236
6605
3858
147184
100505753
3728
10209
10609
60681
115024
55175
47
1267
7266
28511
201181
79132
2648
5878
3060
84514
6777
6776
6774
284119
535
4669
3292
108783654
80347
6945
29893
162427
7283
27175
79990
2826
8506
2145
10266
84313
28958
124817
8678
10197
314
80755
100885848
146923
6155
3430
10493
8153
672
4077
113277
100130581
379
1659
4222
1845
4355
107546764
162417
84336
124801
92579
10014
78995
339201
79089
56970
7343
101926967
10900
51629
2896
284069
3674
23131
2535
284071
124808
80174
4185
51751
9343
79877
4836
113026
79777
10614
124790
105371795
339192
752
107985040
124783
201176
9842
1394
104909134
4137
284058
644246
51326
100506084
100996709
9884
474170
4905
9570
996
4635
102724508
124989
9520
112268184
3837
9755
30009
114881
124995
90506
90507
6668
100506325
55163
80279
51226
4779
10951
29916
8631
3212
100874362
3213
404266
3214
3215
3216
3217
10241
516
65264
11267
2793
51225
22834
5245
4804
8405
10237
81558
11143
1748
3675
5164
201191
84687
6442
1277
162461
64132
51264
146956
55379
80221
1101
55316
84073
64847
8714
91369
51747
10140
9043
4830
4831
654364
54799
51096
10040
1353
252983
3131
23531
58488
9241
339210
8526
7706
8161
59342
119139901
8165
124540
51649
404093
7716
6426
101927666
140735
8288
54903
4353
9256
100506779
123466215
6827
54894
124535
9110
101927688
5414
56155
5889
4591
348235
55771
55181
284161
388403
79665
1213
51651
81671
51174
6198
51136
653645
101927755
63897
105371849
84669
124773
10513
8493
54828
342538
83990
57508
9969
339175
11011
9902
162333
26115
1534
1636
10238
51204
4215
80774
92335
57003
11325
117246
5705
6603
2688
974
6329
400612
92340
3384
2081
105376843
55852
284021
11232
1655
90799
64750
374819
10672
8787
8313
201134
5578
9931
5718
26207
25926
2186
284018
3838
51321
22901
9120
55062
5573
23460
10349
23461
5608
101928122
400617
400619
100499467
201266
9382
84923
55028
23580
54549
6169
85001
94015
64446
124602
55890
11314
124599
10871
342510
326624
146722
9368
26151
54868
2232
283987
3396
23510
10476
9121
79637
30833
51155
6613
79902
23163
51081
57409
100287042
60386
2885
9772
57513
283989
3993
80022
9400
643008
100130933
29115
3691
2584
3021
85451
201294
23558
91107
201292
64978
85302
51
100134934
1018
2125
6730
353174
8811
23265
2302
100507218
114804
283991
84074
5635
8877
63893
15
79651
114757
768206
10610
55808
105274304
439921
23210
124512
6427
79157
6397
10801
400624
57690
11322
147138
100141515
9144
7083
125061
332
100996291
9021
101928674
9489
101928710
9267
57602
7077
3959
124583
114897
64772
146713
84733
57332
8535
125058
55036
2548
9775
6448
284129
57674
100294362
284131
57521
79643
440465
10458
9625
22994
146705
284184
124565
71
25794
80233
55666
5148
339229
339230
339231
9146
6182
1468
348262
5034
396
10189
51529
256933
5833
51547
4097
92659
5831
147111
79058
201254
201255
5881
51181
113523640
5986
2873
64118
2194
284001
9123
1453
101929511
924
6398
79701
284004
79415
105371941
26502
3607
56270
10966
101929552
79672
64122
6904
146712
128966610
284207
9097
9984
7298
55556
7525
64863
10403
23347
84034
9663
8736
10627
104968399
103910
7050
9229
339290
7541
23136
91133
5797
201475
23255
4729
101927275
23253
57045
10928
9989
101927323
11031
9218
8774
63895
2774
57132
65258
3613
84617
10939
10650
56907
56984
79959
5771
81929
55125
753
125228
8731
162655
6093
114799
6632
171586
57534
101927571
5932
91768
85019
8780
29919
4864
147463
125488
102724246
26256
114876
55364
25925
6760
143471
6875
284252
728606
1000
1824
1823
1829
9331
22878
54941
51444
57565
10982
84307
100101467
7572
252884
125476
2589
105372066
83608
55197
25800
55250
101927809
55034
25941
57536
647946
641516
5289
101927943
26040
8170
6563
284266
57724
9050
498
115106
147339
494470
9063
83473
84064
51124
4087
9811
4092
100129878
54808
497661
100526842
6139
10449
220136
4152
30827
220134
4200
55520
4089
51320
8932
11201
162681
5874
6925
9352
23335
2235
4677
100505549
5205
23327
115701
101927322
10892
55205
90701
3998
5366
28316
23556
57614
8792
54877
23239
596
2531
118827811
9525
5055
284293
5271
1005
92126
54495
79839
10666
25914
9306
220158
81832
100505797
201456
29090
1528
55748
400657
55628
284273
10194
9658
101927989
100131655
7776
4155
374868
4772
9150
80148
440498
10907
79863
22850
100130522
140680
100507459
6666
80023
57761
10616
128637
1457
140809
113278
83541
9491
9751
27111
100507495
2280
55968
284759
128646
10326
55423
140885
140901
6628
79175
10528
3420
57593
56265
64773
64601
5786
64949
5020
551
22888
60493
9762
65992
3704
25943
8455
6614
116835
54976
1059
994
55317
57506
80025
11237
54498
5621
9770
9962
29058
5111
8760
56261
149840
51605
84515
54675
55612
650
56255
23236
105372522
5332
24141
63926
6616
8195
128710
182
22903
55304
140862
55617
51575
79133
140733
55614
6629
631
11034
6238
27131
92667
100303755
57325
7692
55184
10621
10741
10483
388789
92675
100270804
57419
54453
51126
51340
57186
105372556
22803
7056
22918
200261
100505664
29107
100505683
64412
63908
1471
8530
57136
84532
284798
955
5834
26090
9837
22981
140838
102724826
26152
81502
3397
84701
598
22974
128853
81572
3055
9777
5326
23509
9371
171023
140688
284805
149951
1789
22919
119746555
51654
6640
9139
63941
128864
1869
11264
84905
128866
22913
8894
434
191
83737
83658
84557
128869
23054
58476
2686
55902
2937
57644
26133
55741
111089941
10544
101410538
10893
3692
55245
11190
51614
6676
8904
10137
9054
140823
9584
51230
51282
647979
2036
25980
22839
101926987
10398
60436
55969
84174
57446
79980
140710
140711
25939
5933
140699
6185
63905
6714
10904
4826
56259
9675
58490
7052
671
57148
140679
79913
26051
81610
60625
9935
7150
101927117
5335
23051
84181
6431
26013
51098
4605
149699
84969
51526
100505783
128486
79183
10955
11142
100
7529
80336
10953
100505826
6789
8785
6385
90196
27296
55861
51604
116092
11065
7125
90203
10005
140831
90204
140825
5476
5360
63935
63925
4318
57468
57727
958
51006
63916
55713
112858
81031
2139
23613
8202
55959
284749
57580
10564
102723483
1434
6780
55661
57169
441951
9334
23315
9825
55905
6615
7335
387521
101927541
1051
100506115
5770
140876
84612
55653
23394
101927631
8813
27304
3755
4773
10079
55734
128553
7764
105372672
8537
5203
55816
116151
6790
1477
57091
51507
200232
388799
8480
55544
81030
56937
57403
9217
8675
100534593
79716
124904942
149775
2778
51497
1522
81027
514
51012
128611
10388
63939
5509
60437
284756
284757
729296
1002
100128310
6874
149986
5688
26039
26164
9885
105369209
11047
3911
6227
81928
28231
100652730
55257
11054
1299
10732
11083
54994
63910
768097
54915
79444
55738
3785
79144
5753
79025
85441
26205
100505771
50861
100533107
10139
84619
54923
56731
140685
112268269
7165
80331
54963
57473
140700
24148
284739
6919
10287
4987
198437
55251
54531
8174
91978
997
3004
682
610
5442
27006
55658
10272
400668
5064
5725
566
1991
1675
10025
91300
84634
1820
57418
91304
1265
10347
23526
5434
2879
22904
6794
513
90007
1153
55009
84939
374291
2593
26528
6209
148223
54760
92840
339366
399664
53615
10975
6929
148229
57455
83855
81926
113178
113179
1455
55643
2872
126308
113177
8943
84444
55111
8175
268
126306
4946
374872
645191
51690
360200
26517
84823
4616
2788
148252
29985
6449
7064
115196
148254
126295
58492
79816
7089
166
2767
2769
100996351
8698
56926
60680
4782
284422
83475
51343
126321
10362
126326
6915
58509
23396
27134
9546
116541
4145
23217
1613
1938
51588
51341
5605
51548
170961
10148
55702
56961
126259
79187
55620
84954
6455
10036
80700
84717
440503
116844
10501
126282
56005
91039
124904620
55527
148022
10226
645432
23030
5802
257000
9667
6294
25873
125988
374875
9361
163154
56931
4902
2528
126328
400673
828
8498
100128568
5990
125981
8192
84266
5623
2962
8570
79085
92359
79958
10382
970
8740
56927
9322
10045
7409
2015
79230
3643
23370
92960
374877
140467
57192
10908
57662
56949
100131801
126006
6813
56729
199675
126003
2208
339390
115704
80164
5609
100507588
6618
404217
10469
1994
6370
79603
51293
4701
6234
256949
100507567
9230
51257
4670
84106
84330
4542
81794
148156
57693
374879
84527
10781
79088
7675
93134
284385
54811
162993
100505555
54850
59286
100996288
5300
93145
50509
55337
83854
56342
5032
8666
1786
51073
3383
123706506
3386
7087
100125288
112812
125950
3385
7297
11140
5141
9817
53637
84971
65095
1032
57153
147727
3609
81890
1785
11018
255809
10498
78992
90580
6597
3949
147841
25959
57572
26526
9545
374882
126075
64748
126074
2057
57139
115948
5589
115950
51295
84337
199692
54
55552
126068
126069
126070
90594
7620
90592
284390
163059
284391
7568
90589
7695
51710
147837
79973
90576
10224
163051
163050
57474
163049
4125
84292
51398
1725
84261
30000
79002
439
29911
3726
7001
10535
22983
1777
10661
2639
256126
2193
811
5886
90480
4784
4066
55621
112939
8677
9592
773
81576
84245
28974
65249
342977
79173
54862
79883
90379
5989
9466
113230
646457
90378
5566
55723
100507373
22859
105372288
101928845
976
10212
5585
5731
10755
3337
9524
4713
388512
84658
84449
30817
6511
85360
10994
118827806
4854
23476
10270
26993
58525
64926
114770
126410
66002
8529
7171
4218
84941
117286
26017
8907
10365
58513
84167
10523
79939
9441
79086
79041
23309
9002
27151
93323
4650
55850
79629
2063
29086
126549
79575
64981
79016
57719
84705
83483
684
93343
376497
100507551
25796
199786
79709
23025
55201
23149
10331
3640
3718
6142
6528
115098
3780
27106
3594
23031
5296
10437
84769
5864
102725254
80726
3727
25804
54858
9518
126364
170463
51477
8178
23770
79036
7311
9244
55049
25789
55295
23373
5976
11316
54555
9454
10147
93436
284439
54929
729991
8625
126382
57794
23383
54815
83983
51079
374887
80714
9170
51291
57130
94039
7561
440515
56242
81931
91120
7643
90649
100129842
199777
7617
7639
80264
148206
170959
7562
148203
284443
400680
353088
163227
7594
7757
113835
57615
7652
100129543
440519
7644
171392
148213
730087
9534
148189
101927151
7386
105372352
10775
79156
83636
898
8725
57616
22847
400684
147991
9141
84079
388531
390916
91646
84902
91442
85415
55094
4037
1050
80054
1054
5184
79047
26065
9710
2821
84306
124904695
10054
126374
55900
339318
148103
400685
126568845
90075
126375
57655
6324
3249
5349
163175
5348
53822
53827
51599
7392
57817
4099
933
2865
2866
2867
93099
26330
100506469
10430
23354
79171
2116
1340
27033
9757
79713
199746
55851
55957
148137
115703
84807
10870
7305
79414
644096
163183
84964
25999
199745
284403
5438
1155
826
1346
147929
7705
100506930
57677
284406
84924
728752
339324
57711
101927599
84911
92283
101927621
163081
342892
728485
284408
388536
25850
374899
374900
147923
199704
92285
163087
101927667
284459
84503
148266
148268
101927720
390927
100507433
163255
51276
22835
84775
126231
23094
8193
10653
94274
64073
90522
9424
57828
5714
399473
147965
115727
6261
11184
27335
81
147968
3960
1891
3191
126432
22933
4793
643669
54938
6183
126433
10298
282618
57622
9535
55095
54623
55588
7538
64857
6217
6829
92609
10683
126272
163126
56891
1178
9149
2091
5704
339327
163131
284323
4294
79935
208
126526
23646
57716
29950
29946
645
57731
92799
8425
9253
79934
80271
284325
6626
8190
53916
112398
1548
1572
29785
558
11100
7040
90324
641649
80776
593
56915
374907
55101
100505495
101927931
90273
1089
1084
6223
973
9138
10567
478
2901
64763
5452
128071540
162989
116115
2931
2077
23152
5050
284338
1954
84518
100996307
101930071
3991
634
27076
653583
23474
284346
7515
390940
126298
79177
100170229
126299
199731
5329
56006
3783
284348
284349
342908
100505715
7596
7638
7711
101928063
7773
7673
7766
342909
7767
100379224
7768
10780
7769
7770
9310
353355
7771
26974
7733
5817
56971
602
4059
5819
10452
348
341
344
1209
5971
11129
162979
105372419
79760
57787
284352
284353
79090
388552
1158
2068
10848
10849
2067
2354
6253
147699
7408
80207
24139
100287177
2696
6633
54814
23403
147912
1760
1762
8189
3171
26145
339344
729440
147920
5536
83987
55228
57469
808
5739
94235
25865
29888
79147
6510
1175
2909
4861
54958
23211
10055
27113
26093
255783
728
27202
9704
11133
8775
84215
29998
30846
29997
6415
8605
3978
374920
163071
22900
100505812
105372429
93233
2014
55260
10945
2906
83743
3770
9266
114783
6141
56848
1628
770
126147
284358
54922
587
51171
57664
23645
4924
27294
581
2512
2997
10856
3972
6625
64130
55150
8541
54795
28968
951
8463
147872
113091
55011
126133
2323
23521
6205
2217
57333
51070
5639
57479
6237
58506
3661
83596
3276
199800
126129
60385
160
80199
105372435
81857
100506033
53635
11284
84335
79735
259307
23636
22809
51231
25888
3748
7376
9476
5424
6689
4606
112703
284361
126119
342918
6320
105372440
3816
90353
27180
27036
945
147645
2109
125875
4818
3982
147646
89790
946
7728
100049587
2357
2358
84765
65251
79898
59348
284370
80110
9668
284371
90317
162962
5518
90321
147657
162963
400713
84436
147658
147660
388558
55762
55769
81856
162966
7576
90333
162967
388559
123706511
125893
90338
55786
84671
79788
342926
91664
170958
91661
126017
55422
91662
91663
284415
126014
4696
29844
26121
4849
79165
147798
79143
79042
6203
11025
102725035
107987425
107987462
79168
10288
353514
23547
3903
57348
104355426
114823
3904
11027
10859
11024
11006
3811
3804
3802
3812
2204
9437
55655
51206
112724
54869
54776
7138
7137
352909
6861
255043
22870
23640
84446
284417
84787
388564
6158
27338
79763
89887
57106
284297
163033
84922
147807
100507290
147808
51157
51545
29903
11338
29924
342931
126205
126208
55311
79149
100506374
124900420
112268243
147948
386758
147949
63934
100128252
57573
140612
112268241
388566
58491
90485
9422
6795
390980
105372476
10794
125919
57343
284306
10597
147694
7565
388567
400720
79744
374928
256051
162972
55659
284307
348327
7693
10520
90233
7710
79891
284309
54807
79818
100293516
730051
84914
147687
147686
10172
147685
80095
100128398
284312
7694
65982
79673
10782
27300
105372482
108903150
342945
1
503538
162968
116412
6193
201514
7691
388569
25799
55663
10998
84878
10155
27243
9040
100131691
7593
23765
27440
100130717
51816
529
23786
637
200298
57553
55670
51807
11274
8214
5625
9993
8220
6576
8218
7290
128977
64976
105372860
7353
8318
7122
5413
6899
54584
79680
10587
1312
421
128989
54487
27037
5902
29801
388849
150197
65078
85359
7625
91179
84861
51586
5297
9342
1399
101928891
150209
8216
80764
439931
9127
23119
645426
150221
7332
150223
23753
23759
29799
5594
9647
8940
7441
100423062
27156
2781
9609
613
101929374
3543
51233
266747
7621
29802
150248
400916
4320
6598
91319
66035
4282
100037417
1652
23523
56241
23384
135
646023
51733
83606
6634
2678
388886
129049
85379
1415
157
23544
57168
89781
402055
24144
100507599
8459
1414
1413
440823
4330
23760
23331
11200
150274
150275
7494
84133
83999
129080
25807
2130
10634
10633
162
4744
8563
8508
4771
164633
55954
29796
84164
8897
101929664
5008
652968
83874
10291
550631
200312
23541
51537
105372990
9514
23481
6948
339665
150290
23762
150291
22880
55000
6525
140606
27124
91445
3985
113791
101929760
23598
4733
56478
9814
23761
253143
9681
7533
10739
10738
10737
51493
25793
8224
7078
9215
10042
10043
3162
4174
4151
80830
23543
80833
80832
23780
8542
4627
25828
80020
8664
11020
5816
4689
1439
7263
4357
79734
3560
114904
5880
27128
4242
11135
3957
26088
23616
101927051
57026
3956
11078
3005
23464
8484
129138
51386
85377
5435
9463
23539
80115
8398
23764
25829
1454
11015
10521
11144
646851
25776
56993
9929
9567
25777
10126
23467
23466
200315
100913187
9582
27350
140564
200316
60489
164668
23492
5155
6122
9145
10454
4248
54471
468
91582
8911
9402
113828
114841040
23112
158
27352
57591
10478
6767
63929
9978
2033
83746
150356
5905
23264
7008
10766
84844
50
171568
5372
27351
2547
4809
150365
79879
6721
115650
79019
164684
4668
150368
91689
4700
1565
6942
102723775
150372
27341
253190
84271
1727
267020
26286
11252
25809
638
27349
706
23170
64800
25813
29780
64098
84247
55615
23779
100506714
10762
23313
7380
55007
27127
26150
100506737
25814
124905134
400931
124905135
5465
150383
55020
51512
55687
9620
23151
64781
119863861
25771
101927722
348645
23774
105377205
9889
79087
79174
415116
23209
54456
56666
80305
123706513
83642
85378
83933
6300
5600
23654
414918
9701
6305
79924
55586
91289
29781
1890
440836
113730
644186
1375
1120
100144603
23542
410
85358
11158
54033
6782
64092
8204
105369302
29761
388815
1525
10950
54149
140578
105372751
114614
282566
54148
58494
522
2551
351
116159
9510
29104
26046
10069
10600
10694
56911
571
100379661
7074
150051
6647
57466
54069
9875
84996
59271
140290
56683
8867
100506215
94104
116448
3455
3588
3454
3460
757
54943
2618
6651
29980
9946
6453
539
100506334
64968
114036
105372791
54065
102723553
3753
1827
100506385
861
100506403
54093
873
874
9980
23515
8208
3141
122455337
51227
7267
257203
10311
1859
3772
2078
2114
8624
54014
3150
7485
150082
6450
25825
54097
4600
4599
63977
25966
49854
150142
89766
150147
9619
64699
53347
89765
54020
101928233
5152
10785
4731
90625
5316
7307
102724594
101928399
150094
11077
23076
8566
1476
8568
284837
56894
7109
5822
8209
23308
102723996
105372833
326
5211
755
7226
81543
386683
7327
6612
754
3689
100505746
84536
85395
104
23275
642852
80781
6573
105372840
54039
1291
1292
10841
84221
4047
114044
8888
54059
54058
5116
23181
6285
3275
4535
4536
4512
4513
4509
4508
4514
4537
4539
4538
4540
4541
4519
