9636
8784
7293
126792
118424
83756
54587
54998
81669
55052
64856
29101
142678
8510
728642
65220
199990
8764
79258
440556
124903827
63976
388588
8514
6146
11332
8718
23261
9341
10911
11315
473
2023
765
6518
5293
101929074
56998
116362
5226
378708
29914
93611
57085
4524
1185
60672
7133
9249
126755
7799
79180
842
23207
729614
23013
55707
23569
55920
8659
8574
832
440574
4681
100532736
26279
978
65018
1650
57576
50809
8672
1889
249
84196
401944
3339
23028
7798
10236
148898
6920
3399
259283
6135
6924
57095
11313
1269
163702
11123
10250
25932
25949
57035
23585
26119
57134
3925
5051
51042
83442
91544
1043
257101
3151
84065
84958
10163
2268
2537
9473
6118
27293
55113
22826
93974
65979
1104
85028
2035
100129196
7805
9410
51538
10657
79140
8668
3932
3065
65108
653121
5928
57648
8565
113451
2701
6421
9202
105378645
5690
127703
63967
55700
9967
79729
55194
84967
127700
64960
1441
728431
80149
29889
2275
51118
64121
26292
79647
4725
23499
51440
10487
5538
1298
64744
163732
59269
4904
374969
6513
10969
7075
4352
81888
533
149473
55182
339541
6202
1263
7389
84842
5052
10327
4678
541468
10489
7388
2166
9813
100874253
10158
6886
51727
54558
79656
1031
26994
2060
4898
91408
84950
23318
2882
348378
55268
6342
6512
54987
4116
51668
9528
51253
23648
26027
1718
23358
8613
3725
4774
83941
7398
85440
84938
23421
5236
55225
3716
9829
54741
5142
200132
57708
3595
26135
1647
9406
257194
127253
34
5876
256435
10026
26289
8880
10561
101927412
5567
148418
2787
8915
255631
51100
9403
8543
5586
56267
2633
2634
115361
115362
84230
284695
84146
7049
2672
7813
6125
22823
343099
54874
30836
1806
54482
2135
102606465
1901
22854
10451
100873946
29957
113802
55119
6814
29899
57535
6301
5686
57463
2947
1435
10768
10542
3738
963
55791
128338
10390
79961
1117
515
128346
5906
4343
389
333926
10745
101928846
204851
7812
10100
105378916
81839
476
965
914
10905
54855
26227
83998
4853
9659
124904395
84265
148741
11126
2330
9557
51205
2209
8349
8338
9900
51177
51107
79630
4170
574406
2029
1520
29956
55793
56882
10962
79626
5993
6097
117145
6281
6282
6280
6283
6279
6277
6275
23557
3608
11000
9909
200186
148327
10899
5872
6232
25912
10456
57198
101928101
3570
57326
90780
1163
51043
1942
55974
54344
200185
10067
23623
55870
7818
54856
23208
9181
6746
28956
92312
4000
11243
112770
7203
51093
3068
9047
4914
375033
83416
115352
79368
115350
912
909
911
4332
149628
3428
9447
2205
54935
343413
8407
93183
93185
8682
114836
962
57823
4063
51744
50848
100131187
7391
257106
5202
51506
8703
4720
2207
6391
257177
2214
2213
84824
117157
5087
4259
54499
7371
10223
5451
919
8804
92241
9019
25874
261726
6846
6375
481
29922
57821
2153
6402
22920
2326
23215
5279
356
7292
9588
63931
9674
400798
55103
64222
9857
5768
51278
2752
1660
3915
10092
116461
81563
116496
10625
7175
54953
5743
5321
64407
51377
6738
51022
3075
163486
140609
124904478
5788
101929224
252839
1465
89796
5778
127833
10765
51706
7832
493
6635
5287
4194
81788
85414
64710
8444
9214
1604
1380
1378
4179
947
101930114
50486
80342
7188
9926
51514
55248
29937
55509
1063
51133
51018
7042
127018
2058
54996
100873924
11221
9015
64853
400823
55061
824
8560
101927164
29097
127602
3930
6726
9725
29920
3020
64746
142
3707
8476
128308
2987
149603
2590
84284
388753
6894
359948
101927851
23029
51742
1130
56605
3964
1131
6000
2271
8564
23596
1122
200150
9859
645455
10806
10472
159
116228
84288
64754
51097
79862
84838
114548
148823
25893
343171
105373277
124904576
128966579
55657
267002
26751
129787
7173
7837
100506054
6201
129607
91543
9781
3398
129642
8853
51692
10971
8462
6241
3241
4953
10130
9475
23175
100506457
51594
1653
10408
4613
81553
79677
348654
9741
388
64342
2281
51639
375190
9540
50618
391356
109
1788
3030
3032
100128731
11117
10669
9784
5496
29959
9553
2355
23160
79745
51646
81606
79623
30845
57448
25780
9637
54497
253635
5610
10153
23683
105374464
10602
151393
92906
130589
6432
729967
6654
80745
100128590
27436
9167
23498
678
51626
5495
55133
5581
23433
5281
9419
90411
57217
805
4072
4436
2956
23198
98
6711
400954
57142
6233
4528
55704
112942
7444
55120
400955
106660609
124906010
53335
5966
9736
7514
10575
10678
200728
4190
7360
57162
54812
101927438
400958
5861
10097
4211
10438
5534
25927
5341
9938
27247
22848
307
5093
6637
84908
119
55577
400961
27332
84279
51002
10617
388962
100507171
55233
10797
6242
550
27429
84695
56655
9801
8802
1768
129293
105374836
9168
822
4144
2677
8673
10791
51255
10578
8869
10989
51652
925
926
112597
51315
9451
4118
400986
1844
56910
10865
54910
51252
151313
375248
1329
7535
23505
3631
493753
11320
101927070
3899
150577
79031
6160
284996
9448
8809
8807
64965
105373984
9392
2274
84417
80146
84620
27233
9648
3987
205251
10018
541471
10461
129804
84269
3553
150472
8886
54520
8685
130355
1622
5775
79134
5899
84365
2995
274
5624
55677
4648
55679
80097
26469
50649
653784
4249
81615
905
22930
23518
23190
4175
1615
7852
3176
339745
8942
55843
9839
130576
27249
9111
55183
26225
55660
4929
9595
90
8502
151525
29994
643072
64844
9936
5937
10010
10213
57282
1803
64135
25801
22837
151258
6328
6335
129446
253782
57405
10170
9360
129881
151230
100526832
6741
29081
26003
9874
79828
79901
8520
3655
101929947
124900513
5163
51776
83879
29789
9541
151556
7456
518
4780
8540
51661
7273
285025
91404
10477
3676
6744
54431
91752
55854
165215
10203
7035
30061
54529
150709
84281
26275
3628
6772
6775
4430
8436
9262
101927482
9330
91526
101927596
23451
80219
3329
3336
25843
5334
26010
151246
9689
1195
53938
4709
8837
55437
65062
7341
65065
10152
940
1493
29851
54891
1933
391475
151194
102724714
151195
1421
200576
4133
6120
79582
580
7520
6168
3485
3579
3577
151306
25953
64114
6556
58190
1593
80326
27013
55139
79411
7277
3300
10290
79586
23363
6508
130340
5270
79843
8452
84236
1286
1285
56947
55022
9320
3431
11262
93349
6672
81618
5707
4691
10316
5757
9470
80303
3635
8527
10123
9208
10267
140739
339768
51665
150678
57140
130916
23178
5510
3069
4735
9855
5133
10752
51185
6419
3708
124906209
8553
55207
9695
55209
64419
8536
10093
84522
132014
285368
2177
55845
7428
6396
9686
6161
9922
23225
7476
79188
27258
152273
64432
9467
23243
285381
92106
1618
9779
6304
131096
151648
79750
7325
7324
6138
7068
7155
55768
8320
152100
64343
7048
201595
114884
100874206
344787
152189
112616
54918
2720
10491
23122
10015
6769
9209
3680
10217
5333
9943
9941
199223
1524
3921
10289
9045
22906
7433
4820
25994
389114
54861
55129
285343
285349
57456
64866
8994
22908
54585
259173
259236
151903
29072
64147
23276
54859
6599
22907
4134
51372
11277
51246
51447
788
25915
3615
5859
200942
387
275
389119
10180
10181
8372
24142
8692
11186
10641
11068
101928965
1154
7867
7873
51368
25864
6159
1849
11344
132160
80335
23166
64943
440957
55830
5580
7086
58515
55799
285331
50650
8820
26060
378
1776
57406
54899
5162
2272
57415
80145
6314
9861
84541
8801
7110
10550
23150
27086
317649
2850
23429
3355
285237
56650
56954
55076
10342
54931
57092
6152
64332
214
344595
56987
101929623
55081
50852
55211
10225
79413
4345
151888
29083
54847
205717
54762
254887
57577
79691
201633
941
11167
4710
3059
2804
9657
55840
6565
942
1475
131076
165631
54625
100506826
64770
8723
114885
166012
114112
4171
80325
11343
29927
8607
60678
2624
6184
7879
57501
79825
7555
22820
8971
8930
23129
100507032
7200
27032
11222
105374114
25847
5096
80723
80321
55179
56945
349565
55186
92370
9616
483
7029
54464
23350
205428
5352
57088
5359
1360
1359
2992
6596
4071
5217
27230
83939
101928085
6478
116931
29909
9934
285313
4154
5028
170506
4311
8833
6747
57018
51319
4291
56925
64747
29970
101928376
3592
401097
10051
80117
151742
8706
165679
151790
27333
2122
151827
7095
26996
80012
5584
6498
200916
23043
64778
8743
254827
27094
55669
59345
86
57129
4711
8087
131118
56922
84002
1173
10195
9718
5708
5437
10644
6434
2119
51726
1974
6480
4026
285386
106480738
152137
4976
3280
93109
131583
152002
101410543
23527
5504
727956
7037
131540
255758
375387
54965
5062
152217
80235
100507057
84248
6165
170960
521
4636
84286
10417
7884
10460
401115
10608
57732
79155
6452
118
2868
285489
4043
55646
27065
54360
55351
152789
93621
93622
339988
114932
55330
80273
54436
9948
116449
9957
259282
285550
683
952
83888
8842
202018
202020
5860
51056
166647
23231
55296
57620
768211
55276
23216
51274
81793
10333
80008
51088
5981
6133
201895
55728
399
7345
22998
10463
389206
57205
7294
7006
54940
132299
64854
3815
79644
55858
9662
57482
10606
6731
132946
84525
6691
5978
84273
5431
3490
1060
26228
55236
91746
7367
27284
1446
3512
22902
2926
92597
26057
166824
3576
2921
2920
441024
2069
374
25849
27163
53371
55752
901
65008
306
55589
5593
153020
3184
101928963
9987
441027
79966
51138
51316
27235
51023
84142
84803
83478
4299
51170
6696
5311
152926
100996939
266812
10144
285513
6622
22915
401145
56916
27306
23173
128
27071
8649
3015
51705
5530
90024
55024
64116
4126
7323
493856
56898
27068
9255
9061
113612
3033
51176
6164
58505
55013
839
81579
54433
79071
132720
92610
51574
817
7368
100093630
401152
4085
11162
10252
57182
27152
10424
4717
4258
55534
60592
1047
23158
3600
8821
8467
2994
4086
11157
90826
79658
987
6189
100996286
201799
84057
23240
79884
2982
2983
56034
55314
59350
2110
57600
9693
55319
55016
201931
50859
23022
84869
57630
4750
54969
51166
442117
51809
3148
8819
3248
2823
60559
80014
3622
836
79682
2180
291
57587
83891
55805
353322
2483
153478
10016
11336
25845
64979
4726
84246
6715
100505738
22948
134147
83853
7204
54491
56172
54463
10409
1007
64083
51663
10923
4883
105374716
6897
134218
79925
3575
25836
65250
55100
2533
1601
5734
6167
100129792
6414
389289
56477
53918
4724
3003
3001
54505
3572
79722
4214
133383
65056
202309
55789
643155
3796
51194
101180901
11174
64105
54557
140890
375449
4064
891
64946
92259
202243
102157402
6606
6607
55814
23107
689
3074
10412
51301
10788
2149
2150
170591
1393
84327
55255
6902
8546
9522
10184
256987
5924
23635
6228
153339
1462
1350
4208
101929423
1070
84250
79772
153643
9652
22836
2745
22936
831
64167
1105
345757
7903
5066
23262
90355
9867
814
9315
6728
7905
64848
153733
1657
25816
3295
153443
6643
153241
1456
57507
501
4001
115123
401207
644873
51015
3094
56990
23305
10111
27089
27125
54819
3308
7416
6932
6500
5515
7320
23338
819
9879
9555
497189
7045
10949
51306
1958
3313
1495
64374
51247
51237
202052
340061
7322
51523
84418
929
4695
3550
3035
6879
1729
8841
10007
80762
23092
81555
153768
51520
54439
5521
1809
9832
1436
972
6208
11346
91977
10318
309
26112
2760
6678
475
10146
55568
10826
9337
29093
84868
3702
26999
8728
348938
54974
9685
1879
101927740
285626
105377683
114825
10569
9232
900
134492
27430
5917
3937
4869
6793
54492
1843
57222
51121
8992
94081
3274
84321
1212
3101
51720
64324
53917
27166
10960
10636
2870
80758
1627
79930
54732
23138
64777
55651
3182
85007
57396
117608
80230
821
4056
8878
51149
55819
4245
153579
10399
56940
124907782
3662
2762
56897
1992
5269
401232
4835
8899
10455
10799
285780
9450
6745
1832
9521
2651
51522
4739
84830
221692
51256
107080638
63933
9308
84062
29116
2766
6310
51439
105374952
63971
7172
7913
1871
6659
55856
51053
9750
55604
10475
3006
8364
8334
3008
3007
11118
10385
10384
85236
7718
100129195
7746
84547
2550
3134
3135
3105
30834
6992
56658
79897
202658
3133
170954
107987457
11270
203068
10211
8870
780
3107
3106
7919
4049
4050
7940
259197
199
55937
1460
80741
110599563
80739
23564
1192
7407
57819
3303
50854
1388
80863
100507547
9374
6048
63940
4855
3122
3127
3123
3117
3119
3118
3120
3112
6891
5696
100507463
5698
6890
3109
3108
6046
3111
3113
3115
7922
7923
6222
8705
5863
6892
5252
51596
578
3710
84300
221496
3159
221491
11165
6204
29993
64771
101929243
6631
7629
50619
4736
2289
6732
1432
5603
11329
6428
1026
57699
51645
221476
23787
221472
5292
154467
266727
2739
8645
89822
221443
79865
54210
101060264
116113
7942
896
55809
6903
441150
171558
10695
116138
5754
10591
401262
24149
25844
11131
2030
3326
4794
988
8464
860
27242
23607
4172
85315
114327
28978
2941
26268
60481
667
221336
57691
202559
23469
55788
1310
60682
80759
115004
1915
101928489
135228
1347
26054
134728
55023
9324
167691
83699
6785
7162
51167
123956252
23036
55122
8732
10957
135295
51465
58528
60468
25957
85015
639
202
84816
55278
55084
256380
28962
8724
2309
285753
8763
6610
64780
9841
221264
9896
8936
51362
8528
85413
262
112495
117247
5980
2534
619208
3066
29940
441168
51389
285761
25842
4121
3298
57515
154215
154214
135112
387103
55862
387357
5796
93663
84456
154075
114801
2037
100507254
26002
8417
10767
4602
54806
27115
9774
9053
100130476
7128
64065
23593
58527
102723690
10370
57211
2519
9749
84946
5325
8676
7402
257218
10981
10090
340152
85313
5110
57480
80177
54516
26034
154043
57492
51429
404672
57583
6993
94120
7430
117289
39
6950
56895
100526820
113402
51660
8635
1235
5689
5575
90639
84310
115330
90637
8379
29960
4521
29886
55501
80727
155185
2768
84433
84629
100129484
60
6624
7965
27102
5879
55146
79034
56913
54468
6119
3382
4697
9678
54664
221806
10124
729920
28969
27075
101927609
196
9734
221830
346389
101927811
55536
9771
256227
401312
541472
3569
54543
107986346
84668
11097
29896
1687
54205
9603
3181
11335
29887
105375304
441204
9808
8935
3200
3201
3202
3203
3204
3205
100874323
3206
11112
221895
54504
1124
222171
9805
222166
79017
2617
23658
51251
6100
80820
313
9844
353345
54749
51314
83930
27072
8621
136647
5683
64983
9263
55744
644
55665
28988
27434
23386
83637
5478
94239
64005
83605
64759
7378
100130988
10320
63979
2887
23480
81552
2631
5723
908
51142
51427
10793
2086
168374
154807
2990
27297
8460
55069
51119
26053
83698
55695
9031
114049
7458
7462
5982
653361
84163
389524
3092
57414
4191
3315
7532
10875
54103
5782
222194
57157
2770
948
10512
3082
9988
79161
54677
5244
5243
6717
5218
10142
257415
1021
101927497
54809
219285
2791
8910
23089
5445
10165
7979
57001
25851
4885
10552
9551
84124
79027
7586
4176
9179
6878
245812
389541
79690
10734
29990
29992
55063
81628
3268
4034
64598
7036
56996
7205
10467
24146
64792
1523
10603
79706
80228
123258399
9512
27000
5701
55904
6733
222255
6856
5577
55973
79872
1738
50640
168451
4189
83943
54674
11179
3475
401397
22797
830
7982
93655
54556
79974
51384
10447
4698
116435299
168850
381
27044
55131
813
9296
3663
340348
100128325
93979
95681
4232
26958
378805
54927
4850
647087
136319
8805
136306
57670
154791
6916
64761
80853
84255
4708
51650
6742
5644
2051
3792
373156
7791
2041
285965
26047
2146
168544
155066
29803
285971
285972
155038
168537
55303
474344
26157
170575
55340
28959
55365
3757
285973
1020
10922
83590
6604
6009
63917
3638
155435
140545
64434
10049
5799
57488
55112
55344
8225
1438
3563
293
286530
8227
9189
4267
414
5613
8228
55841
1183
395
10943
51284
7114
8481
140462
8544
8233
8905
55787
5931
10389
5160
30011
22866
6611
10549
6303
1968
7543
9468
80231
1756
1536
6990
58526
10159
80258
56548
84679
54539
7076
5199
8409
92745
10682
5935
7454
2623
27344
10245
11040
11230
27238
5355
50943
89801
170685
55190
9500
64061
8243
90121
10916
7216
90737
28986
11279
29978
474343
158584
7789
139886
4478
367
4983
3476
3561
9968
107985688
4841
2833
5303
6191
4674
7503
554203
22
546
1349
5230
51616
10800
27334
9452
79366
6451
7552
4675
286499
1730
94121
695
6173
2717
51309
84460
340542
55859
56271
90843
340543
84707
51186
27018
79921
9338
9643
286527
644353
5631
1831
340547
84187
91851
79868
5358
90293
3597
10857
203427
292
7319
23157
347454
6170
65109
7737
4694
3920
28985
29071
57187
10735
4068
51114
9363
55796
84295
3251
644538
441518
2273
79649
27336
959
9459
27316
8776
3149
203547
1069
50814
10134
3421
6748
57595
3897
393
3654
8277
2316
2010
6134
6901
537
9130
8270
8266
2539
139716
1736
4354
100272147
7411
1193
157697
2055
101927752
9920
9172
101927815
55326
100652791
286046
66036
640
252969
2222
1508
91694
10395
7991
286097
5108
427
55790
526
9046
10361
2039
649
661
5533
10174
64236
57805
23221
8795
8797
91782
203069
51312
10863
80005
665
1808
2185
2053
1191
55246
5368
55893
79618
1846
51669
23484
118597835
10671
11030
2961
11212
1978
9070
23259
84513
54904
2260
59339
83877
51125
286
7419
84376
138050
1052
5591
7336
115294
9821
6917
10434
29088
4067
6224
79145
195814
6386
8439
9760
100505501
55636
444
8836
9420
85479
137872
4603
79848
23471
6129
6921
83690
51101
3574
28957
7163
124188259
55824
2171
347051
79752
92421
85444
1875
401466
760
8895
8767
4683
1666
64168
100127983
286144
137392
91147
137682
94241
105375650
79666
7381
10404
85453
92140
55353
6156
79815
6788
1345
5440
6674
25897
26986
51123
83988
50484
7071
79870
25879
29967
55074
284
3646
84955
56943
93035
9166
55638
90390
79075
64798
28998
6641
22882
93594
11244
55093
114907
83940
4715
9788
6713
286053
10221
100130231
157638
4609
137196
728724
106144608
137835
6503
10397
6482
10656
5747
22898
51337
4061
114822
23144
79792
93100
1936
65263
22827
5339
84875
2907
54512
1537
81858
84232
3297
203054
55630
9684
414919
6132
157983
81704
6595
55664
50808
79956
115426
23081
90871
5789
101929407
8777
340481
158326
158219
11168
203238
54875
123
6194
4300
401494
1029
286319
80173
79817
100129250
4712
3301
2683
27290
573
51510
4799
360
5646
54926
55833
25853
51271
318
375704
11258
10280
2592
7415
30968
80256
971
27240
203260
7169
7094
692094
84681
51754
152007
1211
5079
84186
9380
26267
728673
728877
220869
8395
2395
9414
138255
23137
23670
100507540
216
301
54981
26578
5125
55312
2650
2776
84131
29968
7088
23287
81689
79670
1612
10927
1164
79048
10507
10912
6850
4920
3376
55035
89846
203328
84270
4814
2203
100188953
105376159
195827
55363
10541
54187
9830
7464
10952
23071
54534
84302
10592
25934
55335
23446
83856
6887
5887
8727
7295
23392
7357
64420
1318
1317
54836
257169
5998
114991
80709
9550
203197
944
55755
26147
7185
11064
2934
2040
4702
5742
5082
55342
10783
5695
11224
286205
10244
3309
89853
9649
29988
6136
64855
6812
138428
158248
10044
2022
30815
399665
114789
3934
79095
51148
89891
6418
1384
389792
100506119
51759
10868
23048
8021
2889
23064
7270
158067
11092
8328
5900
26301
6130
6834
6835
6836
11094
11182
1757
7410
266655
8019
6256
1289
2219
138151
169714
26086
64170
101928612
51162
10555
138311
84973
124900276
138307
29085
8721
7186
54461
5730
401562
286257
9022
20
2529
56654
29952
389816
8636
94107
54932
26012
64975
79813
3422
1316
1645
8644
10276
2665
3559
84991
5588
439949
509
83860
2625
10659
9712
26019
55526
11164
8872
57118
10133
5264
222389
83641
79723
64421
221060
9397
6251
100507347
7431
338596
9200
8027
340895
101928834
84898
399726
387640
64215
23412
5305
22921
220213
56952
54518
10730
22931
143098
6840
1326
94134
80314
7581
7582
9790
3185
83937
11067
220979
7570
240
220972
253725
58504
57705
170371
11130
7019
8030
983
84159
219790
221037
56521
80312
55749
79009
9188
5552
9559
80201
23555
219738
55506
219743
56681
5464
1979
5551
5092
64072
64115
5660
9806
119504
54541
23234
51021
310
118487
5328
7414
132
23522
142891
7417
118881
84858
83938
6229
57178
101060691
311
84293
81619
27069
54462
23063
728190
9562
84896
5728
59
355
3433
24138
9585
84333
100507633
143282
3087
54536
64318
23232
3070
9124
953
29760
1791
56889
118788
23223
5223
83742
118813
401647
84795
3257
159296
1355
10613
282991
6319
4714
81855
25911
10360
10724
30819
79591
4791
79176
79004
10121
403
84833
51063
79991
9748
9446
119391
7511
120
9126
92482
8036
150
64429
6934
55088
57700
57698
105378500
6571
118987
63877
8661
404636
119559
10935
2869
6001
9531
22876
55717
54780
59338
9184
51363
4942
64077
9679
1488
26098
7390
92565
1793
5791
4288
10539
664
282974
170394
8433
282969
1892
196743
92170
80162
10581
8519
10410
59307
6050
8045
3665
6343
64787
283232
6888
6181
57104
283229
977
5441
7106
66005
161
81532
402778
1509
7136
4046
7140
6150
29125
10077
975
3784
10984
1028
5002
7262
4676
833
114879
391
6240
3045
10346
6609
322
3611
51700
8665
79608
65975
6157
56672
56674
10527
7465
23075
283104
272
50862
100129827
1982
58486
729013
9645
22800
1315
5682
5140
6207
4925
113174
11234
3939
258010
91057
744
196294
5954
10480
79056
79832
1479
966
4005
4076
847
51074
960
79899
119710
51144
3732
90139
9537
9409
120071
51317
8525
4192
9793
79096
53
10062
6688
5702
10658
4722
114900
23788
23360
23279
29015
8501
26519
9246
710
280636
9404
283194
374393
63901
23220
219972
54948
932
64231
58475
931
11251
79073
51296
923
921
1642
26007
220002
51524
54949
746
9415
3992
3995
7439
2495
80150
79026
1937
26229
23193
79081
751071
51035
2785
5436
79064
6811
105369332
6520
5920
11145
10313
1351
55611
28992
83706
83707
84304
3338
7423
2286
26472
105369340
56834
51504
25824
102723878
283234
8986
107984366
10235
7536
5871
10938
23130
5526
283129
402
10004
2197
84447
740
728975
823
283130
283131
378938
4054
23625
254102
6494
84153
1072
1521
9158
11007
10589
117144
10992
55690
57124
9610
25855
11041
254359
8722
9973
6712
79703
22992
156
338692
54961
57804
23529
5883
5499
374403
57571
6199
5790
57175
80194
9049
9600
2950
254552
91703
81622
4728
10312
1119
53838
4041
9633
1374
595
129810502
55004
25906
2352
2350
116985
89849
9873
5031
9828
84957
58473
51642
51287
7351
10008
9789
408
6188
871
84649
7405
5058
1207
28971
4718
5547
27314
51585
60492
55863
84233
58487
54843
51501
10873
11098
23682
1075
56935
85459
79101
28970
9440
4361
154810
51503
23052
9702
8898
143872
330
329
114908
84259
80310
837
834
114769
143884
54733
8065
472
85463
5962
2230
105369490
399948
5450
64776
55216
26521
6392
3606
4684
57646
3359
7704
10179
25996
335
23387
51092
6876
9159
23621
486
3587
120425
196264
10205
916
915
917
10632
84866
1656
643
6230
51399
3145
9854
220323
219902
6653
56253
3312
4013
54414
4900
90952
64221
54538
9638
105369550
9538
3703
1111
6484
2113
100507392
334
6768
29068
112936
29087
440073
105369593
5927
4815
93589
100874235
55846
105369609
894
10635
928
7132
4055
678655
939
51258
2597
1108
57121
84519
8079
5763
3902
920
7167
10233
2026
113246
5777
11331
10162
9746
9332
6515
719
26253
10219
100499405
3820
29121
969
51348
9976
100506159
160364
283420
64581
23710
3824
3822
3821
101060038
55110
8531
2120
80824
1389
1027
50865
2012
55729
79887
2984
55766
51729
397
5800
11171
4257
54477
3945
55907
6489
6660
586
4033
144363
3845
79365
8082
3709
55726
26127
51768
56938
101928646
8496
55297
55711
58516
160518
196394
105369723
105369725
55196
636
10059
5318
144402
107984504
55605
107985190
120892
85437
144165
83448
51135
4753
9169
81539
54407
91523
79657
51564
5213
54934
112
100506125
85478
51303
377
10376
7846
84790
10024
65244
7009
6602
51474
57609
25840
25875
9802
57228
51411
1990
160622
3164
60673
3892
140807
100127967
319101
3849
3848
3856
3875
1975
84926
3489
3695
5916
5204
60314
269
54458
517
23468
3178
4778
3678
3071
9840
196410
2647
967
84324
1606
6821
6231
5036
6171
23344
140465
4637
10193
79035
1431
51561
6773
8914
11176
506
10728
4666
5557
6778
4035
11247
6472
246329
22864
64333
1649
10540
196403
1019
92979
4234
25895
100506844
91419
338811
9958
57460
283417
10329
144577
283349
23592
253827
8091
100129940
84298
51643
11213
55832
8445
3458
5908
4069
10576
196441
55266
552889
11010
11103
22822
4673
114882
6857
5074
91298
80184
1848
490
338758
256021
694
574016
440107
8411
28977
8835
10154
51134
57458
55967
10988
6636
4048
2004
7112
5250
121457
55681
56994
79158
55332
79023
374470
7184
728568
7296
493861
50515
121053
23325
387882
10970
90488
80298
1407
121551
11137
11108
1240
23479
6404
23603
7374
88455
400073
28981
10094
29902
51699
79600
84329
5501
6311
217
51275
89894
10961
283450
6128
5781
4938
1840
53373
80024
113675
23389
79794
8739
5037
51347
64426
6175
5829
5319
8683
8655
84274
9761
35
8638
5025
84678
283385
54509
338799
5715
605
65117
8562
9026
79720
51329
10198
8099
112268105
196383
10959
23545
949
7316
140707
23504
5901
6433
4326
80324
57634
100996246
5827
54737
221143
26524
10284
78988
221178
55835
51761
2835
219333
6144
2971
51082
2322
255967
2321
51371
5412
3146
10208
10129
675
90634
23111
29880
387921
10186
2308
1997
11193
79612
28984
11215
94240
29103
160857
8848
2963
7178
23091
3936
80183
23143
2098
8803
29079
9445
5925
10161
1102
81602
115761
84650
3839
57213
10206
10301
100874074
79621
4752
51028
26586
10910
5101
22894
100507612
9882
170622
7347
115207
23077
64062
54602
10253
10082
10257
9071
5611
55757
3843
337867
2841
1880
9375
283481
7174
93081
79070
54841
55082
10673
79587
55608
23250
55795
3916
2621
22821
8881
65110
57820
55644
328
90809
6038
283
6039
6036
57447
55701
51222
3183
11198
1603
5018
9056
122704
26020
161253
55147
5693
22985
55017
90673
599
8106
51310
116173
25983
8906
10901
317749
4901
5106
5721
9985
29082
4738
51292
26277
27141
1241
4776
57523
643866
23351
56948
2999
3002
29091
1690
25831
394
112399
171546
58533
1073
11177
112268124
55012
4792
100129794
145282
122553
5411
23116
2287
55320
6235
6166
55172
5427
23588
9147
382
196913
283551
79609
27109
11183
51062
60485
51199
5836
81542
54331
51637
5729
5732
5706
1033
10175
2764
23034
3958
22863
3895
57161
55860
5684
379025
5926
26520
23002
51528
729665
51635
4331
5583
161291
3091
23224
2100
4522
7597
26030
91612
4149
2530
51382
384
677
87
2079
6430
6547
51241
4293
26037
8110
58517
8650
9240
91748
4329
10577
8892
10972
2353
122953
10538
11161
2954
283578
9517
81892
22938
85439
55812
123016
1112
801
145567
8111
440193
55671
123036
10516
9321
4707
123041
5641
64112
57062
122509
83982
5265
79789
101929107
51218
9623
8115
10914
388011
64919
84193
51466
123099
7528
123096
8788
145200
5527
3320
5891
23186
7187
81693
9578
7127
1983
1152
9556
64423
10572
122618
55038
100507437
1397
1396
9834
81614
4692
6638
7337
57194
8924
321
56160
54893
283710
101928134
6263
161779
79768
51234
55505
54989
283742
10125
440275
6727
5330
100505573
3712
90416
5888
2644
102724362
6692
54617
11339
51203
23168
30844
2595
825
64397
8773
80021
4130
2923
10169
113201
8669
80208
197135
567
6652
2628
7782
26258
58472
1854
2200
23741
9728
9318
79895
11001
3067
2553
9101
23312
256586
10681
55930
56204
51187
5873
101928527
9236
161582
4734
374618
55329
54816
6938
283663
79811
9133
4643
145773
2958
302
101928784
6095
54832
7168
114294
51065
84191
79856
5479
9768
23060
4947
51324
51495
10260
8766
5604
10302
6124
4088
145853
10391
6176
55075
5315
3073
83440
100287616
8482
84993
1198
1445
25989
9377
60490
56905
54939
79661
4123
10073
55272
2108
9051
10099
23102
80349
1381
3658
5685
10933
1512
23423
10588
400410
597
54469
2184
23184
3603
84206
6218
123720
83640
50810
6457
54993
23478
5151
11214
64782
3669
145864
4240
11057
55215
374654
55897
290
3418
10509
10519
8826
641
2242
4122
28232
1106
55784
91947
4205
55180
79705
55829
100132169
79622
4350
3049
55692
4833
84326
84331
89941
9028
10273
65990
84264
115804232
7177
7329
8938
115939
283951
1186
9894
9742
79652
23162
4832
90864
3029
51734
4716
6187
2671
283869
9351
4913
100507303
283871
1632
10921
51005
23524
6923
10942
124220
79412
9088
124222
124900372
9235
7627
23059
1387
79585
9093
57407
3163
29965
84309
79641
29855
23589
7874
105371074
80063
4682
4261
28955
116028
8651
9516
8303
26156
608
92017
55313
255027
89927
127898555
9665
102723692
23204
23049
10229
51760
51573
9738
6296
81691
1428
51108
10261
7385
100288072
1039
23062
4706
5579
5930
55114
51451
197370
3566
50615
388228
1201
55911
112869
6817
11273
7284
25970
487
79874
930
83985
27040
728888
6693
23475
283897
3835
4150
9961
10423
124446
283899
226
83719
11151
29895
1731
79077
3683
79724
146542
90835
93129
6810
79001
2521
29108
100652740
3687
6524
10308
55737
23594
388272
84706
81831
5257
23090
29117
124460
1540
80205
5934
64400
643911
101927480
4313
54947
267
4502
4493
4494
4501
9709
221184
80011
23568
51090
57019
57017
9289
10300
3801
79650
29105
51192
123920
8883
8717
55336
29100
25894
51673
29800
79567
10664
50855
388284
57215
5699
64174
54920
9057
80777
28987
118460
342371
55565
5713
79152
84937
10428
11345
3735
100130958
4094
83657
56942
55839
2653
80790
5336
10200
102724163
3281
58189
23406
79786
9100
9764
23199
51659
404550
1327
3394
107984811
81631
1535
333929
115992
81620
353
863
6137
27132
8558
92822
2175
22980
54849
79007
359845
51031
7531
4641
51763
100306951
124935
8578
83547
5345
5176
6117
5048
30851
100533970
83460
5026
3682
55421
5023
489
201305
124976
409
400569
58191
5694
2811
8402
26001
5216
9552
100130950
388325
9135
4927
84268
708
22861
9851
84817
54739
124944
10462
433
432
37
11337
2874
9744
254863
1140
1973
112483
84316
1107
58485
5187
6844
9212
29098
6154
4628
146849
23533
9482
8522
388335
9953
5376
136
54902
9611
7314
51393
23495
284191
23164
201164
8533
56953
51655
6720
146691
91647
54890
654346
124907928
10750
400581
22905
4239
9706
11216
92521
284194
5606
26118
3965
201229
51701
27346
9094
230
6388
83871
6147
284086
9618
2319
85464
84081
642
1362
51379
79915
55803
84282
2124
2123
55352
55813
23512
26022
91603
162394
55106
100506736
163
9349
3927
57125
6143
51755
5409
84299
22806
94103
7067
9572
101929693
3487
1236
6605
3858
3728
10209
10609
201181
2648
5878
84514
6776
6774
284119
535
6945
2826
2145
84313
28958
80755
100885848
146923
6155
10493
4077
113277
100130581
4222
92579
10014
79089
2896
3674
23131
124808
752
201176
996
124989
3837
9755
30009
124995
90507
80279
29916
8631
3212
100874362
404266
3214
3215
3216
516
2793
51225
22834
5245
10237
81558
84687
6442
51264
80221
51747
10140
9043
4830
4831
654364
54799
10040
1353
3131
58488
9241
8161
59342
124540
51649
7716
6426
100506779
6827
9110
348235
284161
81671
51136
63897
342538
1534
10238
80774
57003
5705
974
6329
3384
2081
105376843
55852
284021
1655
8787
5578
5718
26207
2186
3838
84923
54549
6169
55890
11314
10871
342510
326624
146722
9368
2232
10476
30833
6613
60386
2885
283989
100130933
29115
201294
23558
100134934
100507218
114804
283991
63893
79651
768206
55808
6427
10801
11322
147138
100141515
9144
7083
125061
332
9021
9267
3959
84733
9775
6448
284129
57674
284131
79643
10458
146705
71
5148
339230
6182
5034
396
5833
51547
4097
5831
79058
201254
5881
51181
9123
924
6398
79415
26502
79672
6904
146712
128966610
284207
9097
7298
55556
7525
23347
84034
9663
10627
103910
7050
4729
57045
10928
9218
57132
3613
84617
56984
5771
55125
8731
6093
6632
57534
5932
91768
8780
29919
125488
102724246
26256
114876
25925
728606
1000
1829
9331
54941
51444
57565
10982
7572
125476
2589
83608
25941
26040
9050
498
115106
51124
4087
4092
54808
497661
6139
10449
8932
5874
6925
9352
2235
4677
100505549
10892
55205
3998
5366
596
2531
92126
10666
9306
220158
81832
100505797
1528
55748
4155
4772
440498
79863
100130522
140680
100507459
57761
10616
2280
10326
55423
6628
56265
64949
551
994
11237
54498
5621
9770
5111
56261
55612
23236
105372522
5332
8195
22903
55304
140733
6629
11034
6238
27131
92667
100303755
388789
92675
51126
22803
22918
100505664
29107
1471
8530
57136
81502
3397
84701
598
22974
128853
3055
9371
171023
140688
284805
149951
1789
22919
6640
9139
84905
128866
8894
191
55902
2937
10544
101410538
3692
51614
8904
140823
9584
51282
22839
10398
84174
79980
140710
25939
6185
10904
56259
26051
9935
7150
5335
51098
51526
10955
11142
100
7529
80336
10953
6789
90196
51604
116092
11065
7125
5476
5360
57468
958
55713
81031
23613
8202
284749
6780
55661
441951
1051
100506115
5770
140876
55653
8813
3755
10079
128553
5203
116151
51507
55544
81030
56937
2778
1522
514
60437
5688
3911
6227
11054
1299
63910
79144
79025
85441
100505771
50861
10139
56731
54963
24148
6919
10287
198437
91978
3004
682
55658
400668
5064
1675
91300
57418
91304
1265
23526
90007
1153
55009
2593
6209
148223
54760
92840
10975
6929
81926
113178
2872
126308
55111
8175
4946
51690
360200
26517
4616
2788
148252
29985
7089
166
2769
8698
284422
10362
27134
4145
1938
10148
56961
126259
79187
10036
56005
10226
23030
9667
6294
125988
126328
5990
8192
84266
79958
970
8740
10045
2015
23370
92960
140467
100131801
6813
56729
126003
2208
79603
51293
6234
256949
100507567
4670
84106
84330
4542
81794
374879
284385
59286
5300
93145
55337
8666
1786
51073
3386
3385
11140
5141
9817
53637
1032
57153
147727
3609
11018
78992
3949
25959
9545
126074
57139
115948
84337
54
90594
4125
51398
1725
84261
79002
3726
7001
10535
10661
2193
811
5886
4066
55621
9592
773
81576
28974
342977
9466
976
10212
5585
10755
3337
9524
4713
388512
30817
6511
23476
10270
26993
58525
64926
114770
7171
84941
117286
10365
10523
79086
79041
23309
4650
55850
79629
126549
64981
684
93343
376497
25796
199786
79709
23149
6142
27106
3594
10437
3727
25804
54858
126364
170463
51477
23770
7311
55049
284439
126382
51079
80714
9170
51291
94039
7643
199777
7639
7562
163227
7594
730087
148189
7386
79156
8725
9141
1050
79047
26065
9710
2821
126568845
57655
5349
5348
53827
51599
7392
57817
933
1340
27033
79713
199746
55851
84807
10870
7305
644096
84964
25999
5438
826
100506930
101927720
23094
8193
10653
94274
90522
9424
5714
147965
115727
11184
27335
81
147968
1891
3191
126432
282618
57622
9535
7538
6217
2091
23646
29950
645
92799
8425
53916
112398
558
11100
7040
641649
374907
101927931
1089
6223
973
9138
2901
5452
128071540
162989
5050
84518
3991
27076
23474
390940
126299
5329
3783
100505715
4059
5819
341
5971
11129
162979
79760
2067
2354
6253
7408
6633
83987
808
5739
25865
10055
27113
728
8775
30846
29997
6415
8605
2014
10945
9266
6141
1628
23645
4924
581
2512
10856
6625
28968
951
8463
126133
2323
23521
6205
2217
51070
3661
3276
80199
81857
11284
79735
259307
7376
9476
6689
4606
284361
126119
342918
6320
3816
27180
27036
945
147645
4818
3982
89790
100049587
2357
400713
342926
55422
91662
91663
284415
126014
4696
29844
79165
147798
79143
79042
6203
11025
102725035
107987425
107987462
10288
353514
23547
3903
114823
3904
11027
10859
11006
3811
3804
3812
9437
7138
352909
6861
6158
79763
57106
147807
51157
51545
29903
55311
386758
63934
100128252
9422
7710
730051
147686
100128398
65982
10782
105372482
108903150
6193
10998
27243
100131691
23765
51816
637
57553
9993
7290
64976
7353
8318
5413
1312
421
5902
85359
84861
51586
9342
101928891
80764
7332
150223
23753
7441
100423062
2781
613
3543
266747
29802
400916
4320
6598
91319
66035
4282
1652
83606
6634
157
57168
8459
440823
4330
23760
7494
129080
25807
10634
162
8508
29796
84164
5008
83874
23541
51537
105372990
22880
140606
113791
101929760
9814
253143
9681
7533
25793
7078
9215
10043
4174
4151
80830
23543
80833
4627
25828
8664
4689
1439
7263
4357
3560
27128
4242
3957
26088
23616
3956
3005
23464
51386
5435
23764
25829
1454
10521
56993
9567
25777
27350
200316
60489
164668
23492
5155
6122
9145
4248
468
91582
9402
23112
158
27352
6767
9978
10766
50
5372
2547
150365
6721
115650
79019
4668
150368
91689
4700
150372
27341
253190
1727
267020
25809
638
27349
706
25813
29780
64098
84247
55615
7380
55007
25814
55020
64781
119863861
25771
415116
23209
80305
83933
6300
23654
414918
91289
1890
440836
1120
64092
8204
105369302
10950
114614
58494
522
351
116159
26046
10694
56911
7074
6647
57466
59271
3454
3460
539
100506334
64968
54065
102723553
861
100506403
873
9980
23515
51227
7267
2078
2114
8624
3150
7485
25825
4599
150147
53347
89765
54020
5152
150094
8566
1476
23308
102723996
5211
755
754
3689
100505746
104
80781
1292
84221
54059
54058
23181
6285
3275
4535
4536
4512
4513
4508
4514
4537
4539
4538
4540
4519
